Clausulas Generadas: 
0: [-11, 9, 12]
1: [-7, -17, -18]
2: [-13, -17, 20]
3: [-4, -16, 12]
4: [8, 2, 14]
5: [-9, -19, 14]
6: [7, 4, 18]
7: [-19, -16, 5]
8: [-1, -16, 17]
9: [-2, 20, -11]
10: [-20, 9, -17]
11: [-14, -15, -17]
12: [19, -18, 15]
13: [6, 15, -2]
14: [12, 8, -14]
15: [-1, -2, -3]
16: [11, -8, 5]
17: [6, 18, -1]
18: [7, -11, 8]
19: [1, 5, 15]
20: [4, 10, 12]
21: [11, 6, 18]
22: [7, 10, 3]
23: [14, -16, -17]
24: [4, 18, 13]
25: [-11, -15, -13]
26: [-2, -9, 20]
27: [2, -5, 19]
28: [14, 6, -19]
29: [-8, -13, 20]
30: [-9, 8, 13]
31: [2, -14, -7]
32: [3, 16, -15]
33: [-2, 13, 17]
34: [-18, -13, 16]
35: [-18, 1, -16]
36: [18, 2, 14]
37: [-20, 6, -14]
38: [15, -19, -8]
39: [4, 12, -11]
40: [19, 3, -14]
41: [6, 5, -7]
42: [10, 13, -11]
43: [15, -1, -3]
44: [9, 6, 10]
45: [-11, -1, 16]
46: [18, -1, 12]
47: [18, -2, -4]
48: [5, 13, -20]
49: [19, -12, -6]
50: [15, 11, 13]
51: [12, 2, -7]
52: [3, 5, -19]
53: [3, 13, -10]
54: [1, 8, -6]
55: [-2, 18, -11]
56: [-3, 6, -9]
57: [-18, -14, -3]
58: [-4, -19, -17]
59: [7, 5, -14]
60: [13, 19, -12]
61: [-12, -7, -3]
62: [9, 7, -19]
63: [6, 2, 10]
64: [11, 6, -12]
65: [15, 1, -17]
66: [20, -1, -4]
67: [-18, 1, 5]
68: [9, 18, 14]
69: [15, -17, 9]
70: [-3, 11, 9]
71: [14, 12, 9]
72: [5, 14, 2]
73: [17, -10, -8]
74: [14, -15, 9]
75: [-6, -20, 13]
76: [1, 6, 13]
77: [-16, 15, -17]
78: [-8, 19, 7]
79: [-7, 3, -1]
80: [-18, 10, 17]
81: [12, -4, 14]
82: [7, 10, 19]
83: [20, 15, 19]
84: [-13, -17, -9]
85: [10, -9, 3]
86: [15, -11, 10]
87: [12, 1, -13]
88: [11, 3, 15]
89: [16, -2, -1]
90: [-17, -5, -1]
Bit Stream Generado: [0, 0, 1, 0, 1, 1, 1, 0, 1, 1, 1, 0, 1, 0, 1, 0, 0, 0, 1, 1]
Intento numero: [ 1 ]
------------------
Clausulas satisfechas: 
0: [0, 1, 0]
1: [0, 1, 1]
2: [0, 1, 1]
3: [1, 1, 0]
6: [1, 0, 0]
7: [0, 1, 1]
8: [1, 1, 0]
9: [1, 1, 0]
10: [0, 1, 1]
11: [1, 0, 1]
12: [1, 1, 1]
13: [1, 1, 1]
14: [0, 0, 1]
15: [1, 1, 0]
16: [1, 1, 1]
17: [1, 0, 1]
18: [1, 0, 0]
19: [0, 1, 1]
20: [0, 1, 0]
21: [1, 1, 0]
22: [1, 1, 1]
23: [0, 1, 1]
24: [0, 0, 1]
26: [1, 0, 1]
27: [0, 0, 1]
28: [0, 1, 0]
29: [1, 0, 1]
30: [0, 0, 1]
31: [0, 1, 0]
32: [1, 0, 0]
33: [1, 1, 0]
34: [1, 0, 0]
35: [1, 0, 1]
37: [0, 1, 1]
38: [1, 0, 1]
40: [1, 1, 1]
41: [1, 1, 0]
42: [1, 1, 0]
43: [1, 1, 0]
44: [1, 1, 1]
45: [0, 1, 0]
46: [0, 1, 0]
47: [0, 1, 1]
48: [1, 1, 0]
49: [1, 1, 0]
50: [1, 1, 1]
52: [1, 1, 0]
53: [1, 1, 0]
55: [1, 0, 0]
56: [0, 1, 0]
57: [1, 1, 0]
58: [1, 0, 1]
59: [1, 1, 1]
60: [1, 1, 1]
61: [1, 0, 0]
62: [1, 1, 0]
63: [1, 0, 1]
64: [1, 1, 1]
65: [1, 0, 1]
66: [1, 1, 1]
67: [1, 0, 1]
68: [1, 0, 0]
69: [1, 1, 1]
70: [0, 1, 1]
71: [0, 0, 1]
72: [1, 0, 0]
73: [0, 0, 1]
74: [0, 0, 1]
75: [0, 0, 1]
76: [0, 1, 1]
77: [1, 1, 1]
78: [1, 1, 1]
79: [0, 1, 1]
80: [1, 1, 0]
81: [0, 1, 0]
82: [1, 1, 1]
83: [1, 1, 1]
84: [0, 1, 0]
85: [1, 0, 1]
86: [1, 0, 1]
88: [1, 1, 1]
89: [0, 1, 1]
90: [1, 0, 1]
Clausulas no satisfechas: 
4: [0, 0, 0]
5: [0, 0, 0]
25: [0, 0, 0]
36: [0, 0, 0]
39: [0, 0, 0]
51: [0, 0, 0]
54: [0, 0, 0]
87: [0, 0, 0]
Clausula random a cambiar :  4. Elemento a cambiar: 3
Bit Stream a Cambiar: 14 	
Bit Stream antes de cambio: [0, 0, 1, 0, 1, 1, 1, 0, 1, 1, 1, 0, 1, 0, 1, 0, 0, 0, 1, 1]	
Bit Stream Modificado:      [0, 0, 1, 0, 1, 1, 1, 0, 1, 1, 1, 0, 1, 1, 1, 0, 0, 0, 1, 1]
Intento numero: [ 2 ]
------------------
Clausulas satisfechas: 
0: [0, 1, 0]
1: [0, 1, 1]
2: [0, 1, 1]
3: [1, 1, 0]
4: [0, 0, 1]
5: [0, 0, 1]
6: [1, 0, 0]
7: [0, 1, 1]
8: [1, 1, 0]
9: [1, 1, 0]
10: [0, 1, 1]
11: [0, 0, 1]
12: [1, 1, 1]
13: [1, 1, 1]
15: [1, 1, 0]
16: [1, 1, 1]
17: [1, 0, 1]
18: [1, 0, 0]
19: [0, 1, 1]
20: [0, 1, 0]
21: [1, 1, 0]
22: [1, 1, 1]
23: [1, 1, 1]
24: [0, 0, 1]
26: [1, 0, 1]
27: [0, 0, 1]
28: [1, 1, 0]
29: [1, 0, 1]
30: [0, 0, 1]
32: [1, 0, 0]
33: [1, 1, 0]
34: [1, 0, 0]
35: [1, 0, 1]
36: [0, 0, 1]
37: [0, 1, 0]
38: [1, 0, 1]
40: [1, 1, 0]
41: [1, 1, 0]
42: [1, 1, 0]
43: [1, 1, 0]
44: [1, 1, 1]
45: [0, 1, 0]
46: [0, 1, 0]
47: [0, 1, 1]
48: [1, 1, 0]
49: [1, 1, 0]
50: [1, 1, 1]
52: [1, 1, 0]
53: [1, 1, 0]
55: [1, 0, 0]
56: [0, 1, 0]
57: [1, 0, 0]
58: [1, 0, 1]
59: [1, 1, 0]
60: [1, 1, 1]
61: [1, 0, 0]
62: [1, 1, 0]
63: [1, 0, 1]
64: [1, 1, 1]
65: [1, 0, 1]
66: [1, 1, 1]
67: [1, 0, 1]
68: [1, 0, 1]
69: [1, 1, 1]
70: [0, 1, 1]
71: [1, 0, 1]
72: [1, 1, 0]
73: [0, 0, 1]
74: [1, 0, 1]
75: [0, 0, 1]
76: [0, 1, 1]
77: [1, 1, 1]
78: [1, 1, 1]
79: [0, 1, 1]
80: [1, 1, 0]
81: [0, 1, 1]
82: [1, 1, 1]
83: [1, 1, 1]
84: [0, 1, 0]
85: [1, 0, 1]
86: [1, 0, 1]
88: [1, 1, 1]
89: [0, 1, 1]
90: [1, 0, 1]
Clausulas no satisfechas: 
14: [0, 0, 0]
25: [0, 0, 0]
31: [0, 0, 0]
39: [0, 0, 0]
51: [0, 0, 0]
54: [0, 0, 0]
87: [0, 0, 0]
Clausula random a cambiar :  14. Elemento a cambiar: 3
Bit Stream a Cambiar: 14 	
Bit Stream antes de cambio: [0, 0, 1, 0, 1, 1, 1, 0, 1, 1, 1, 0, 1, 1, 1, 0, 0, 0, 1, 1]	
Bit Stream Modificado:      [0, 0, 1, 0, 1, 1, 1, 0, 1, 1, 1, 0, 1, 0, 1, 0, 0, 0, 1, 1]
Intento numero: [ 3 ]
------------------
Clausulas satisfechas: 
0: [0, 1, 0]
1: [0, 1, 1]
2: [0, 1, 1]
3: [1, 1, 0]
6: [1, 0, 0]
7: [0, 1, 1]
8: [1, 1, 0]
9: [1, 1, 0]
10: [0, 1, 1]
11: [1, 0, 1]
12: [1, 1, 1]
13: [1, 1, 1]
14: [0, 0, 1]
15: [1, 1, 0]
16: [1, 1, 1]
17: [1, 0, 1]
18: [1, 0, 0]
19: [0, 1, 1]
20: [0, 1, 0]
21: [1, 1, 0]
22: [1, 1, 1]
23: [0, 1, 1]
24: [0, 0, 1]
26: [1, 0, 1]
27: [0, 0, 1]
28: [0, 1, 0]
29: [1, 0, 1]
30: [0, 0, 1]
31: [0, 1, 0]
32: [1, 0, 0]
33: [1, 1, 0]
34: [1, 0, 0]
35: [1, 0, 1]
37: [0, 1, 1]
38: [1, 0, 1]
40: [1, 1, 1]
41: [1, 1, 0]
42: [1, 1, 0]
43: [1, 1, 0]
44: [1, 1, 1]
45: [0, 1, 0]
46: [0, 1, 0]
47: [0, 1, 1]
48: [1, 1, 0]
49: [1, 1, 0]
50: [1, 1, 1]
52: [1, 1, 0]
53: [1, 1, 0]
55: [1, 0, 0]
56: [0, 1, 0]
57: [1, 1, 0]
58: [1, 0, 1]
59: [1, 1, 1]
60: [1, 1, 1]
61: [1, 0, 0]
62: [1, 1, 0]
63: [1, 0, 1]
64: [1, 1, 1]
65: [1, 0, 1]
66: [1, 1, 1]
67: [1, 0, 1]
68: [1, 0, 0]
69: [1, 1, 1]
70: [0, 1, 1]
71: [0, 0, 1]
72: [1, 0, 0]
73: [0, 0, 1]
74: [0, 0, 1]
75: [0, 0, 1]
76: [0, 1, 1]
77: [1, 1, 1]
78: [1, 1, 1]
79: [0, 1, 1]
80: [1, 1, 0]
81: [0, 1, 0]
82: [1, 1, 1]
83: [1, 1, 1]
84: [0, 1, 0]
85: [1, 0, 1]
86: [1, 0, 1]
88: [1, 1, 1]
89: [0, 1, 1]
90: [1, 0, 1]
Clausulas no satisfechas: 
4: [0, 0, 0]
5: [0, 0, 0]
25: [0, 0, 0]
36: [0, 0, 0]
39: [0, 0, 0]
51: [0, 0, 0]
54: [0, 0, 0]
87: [0, 0, 0]
Clausula random a cambiar :  25. Elemento a cambiar: 2
Bit Stream a Cambiar: 15 	
Bit Stream antes de cambio: [0, 0, 1, 0, 1, 1, 1, 0, 1, 1, 1, 0, 1, 0, 1, 0, 0, 0, 1, 1]	
Bit Stream Modificado:      [0, 0, 1, 0, 1, 1, 1, 0, 1, 1, 1, 0, 1, 0, 0, 0, 0, 0, 1, 1]
Intento numero: [ 4 ]
------------------
Clausulas satisfechas: 
0: [0, 1, 0]
1: [0, 1, 1]
2: [0, 1, 1]
3: [1, 1, 0]
6: [1, 0, 0]
7: [0, 1, 1]
8: [1, 1, 0]
9: [1, 1, 0]
10: [0, 1, 1]
11: [1, 1, 1]
12: [1, 1, 0]
13: [1, 0, 1]
14: [0, 0, 1]
15: [1, 1, 0]
16: [1, 1, 1]
17: [1, 0, 1]
18: [1, 0, 0]
19: [0, 1, 0]
20: [0, 1, 0]
21: [1, 1, 0]
22: [1, 1, 1]
23: [0, 1, 1]
24: [0, 0, 1]
25: [0, 1, 0]
26: [1, 0, 1]
27: [0, 0, 1]
28: [0, 1, 0]
29: [1, 0, 1]
30: [0, 0, 1]
31: [0, 1, 0]
32: [1, 0, 1]
33: [1, 1, 0]
34: [1, 0, 0]
35: [1, 0, 1]
37: [0, 1, 1]
38: [0, 0, 1]
40: [1, 1, 1]
41: [1, 1, 0]
42: [1, 1, 0]
43: [0, 1, 0]
44: [1, 1, 1]
45: [0, 1, 0]
46: [0, 1, 0]
47: [0, 1, 1]
48: [1, 1, 0]
49: [1, 1, 0]
50: [0, 1, 1]
52: [1, 1, 0]
53: [1, 1, 0]
55: [1, 0, 0]
56: [0, 1, 0]
57: [1, 1, 0]
58: [1, 0, 1]
59: [1, 1, 1]
60: [1, 1, 1]
61: [1, 0, 0]
62: [1, 1, 0]
63: [1, 0, 1]
64: [1, 1, 1]
65: [0, 0, 1]
66: [1, 1, 1]
67: [1, 0, 1]
68: [1, 0, 0]
69: [0, 1, 1]
70: [0, 1, 1]
71: [0, 0, 1]
72: [1, 0, 0]
73: [0, 0, 1]
74: [0, 1, 1]
75: [0, 0, 1]
76: [0, 1, 1]
77: [1, 0, 1]
78: [1, 1, 1]
79: [0, 1, 1]
80: [1, 1, 0]
81: [0, 1, 0]
82: [1, 1, 1]
83: [1, 0, 1]
84: [0, 1, 0]
85: [1, 0, 1]
86: [0, 0, 1]
88: [1, 1, 0]
89: [0, 1, 1]
90: [1, 0, 1]
Clausulas no satisfechas: 
4: [0, 0, 0]
5: [0, 0, 0]
36: [0, 0, 0]
39: [0, 0, 0]
51: [0, 0, 0]
54: [0, 0, 0]
87: [0, 0, 0]
Clausula random a cambiar :  39. Elemento a cambiar: 2
Bit Stream a Cambiar: 12 	
Bit Stream antes de cambio: [0, 0, 1, 0, 1, 1, 1, 0, 1, 1, 1, 0, 1, 0, 0, 0, 0, 0, 1, 1]	
Bit Stream Modificado:      [0, 0, 1, 0, 1, 1, 1, 0, 1, 1, 1, 1, 1, 0, 0, 0, 0, 0, 1, 1]
Intento numero: [ 5 ]
------------------
Clausulas satisfechas: 
0: [0, 1, 1]
1: [0, 1, 1]
2: [0, 1, 1]
3: [1, 1, 1]
6: [1, 0, 0]
7: [0, 1, 1]
8: [1, 1, 0]
9: [1, 1, 0]
10: [0, 1, 1]
11: [1, 1, 1]
12: [1, 1, 0]
13: [1, 0, 1]
14: [1, 0, 1]
15: [1, 1, 0]
16: [1, 1, 1]
17: [1, 0, 1]
18: [1, 0, 0]
19: [0, 1, 0]
20: [0, 1, 1]
21: [1, 1, 0]
22: [1, 1, 1]
23: [0, 1, 1]
24: [0, 0, 1]
25: [0, 1, 0]
26: [1, 0, 1]
27: [0, 0, 1]
28: [0, 1, 0]
29: [1, 0, 1]
30: [0, 0, 1]
31: [0, 1, 0]
32: [1, 0, 1]
33: [1, 1, 0]
34: [1, 0, 0]
35: [1, 0, 1]
37: [0, 1, 1]
38: [0, 0, 1]
39: [0, 1, 0]
40: [1, 1, 1]
41: [1, 1, 0]
42: [1, 1, 0]
43: [0, 1, 0]
44: [1, 1, 1]
45: [0, 1, 0]
46: [0, 1, 1]
47: [0, 1, 1]
48: [1, 1, 0]
49: [1, 0, 0]
50: [0, 1, 1]
51: [1, 0, 0]
52: [1, 1, 0]
53: [1, 1, 0]
55: [1, 0, 0]
56: [0, 1, 0]
57: [1, 1, 0]
58: [1, 0, 1]
59: [1, 1, 1]
60: [1, 1, 0]
62: [1, 1, 0]
63: [1, 0, 1]
64: [1, 1, 0]
65: [0, 0, 1]
66: [1, 1, 1]
67: [1, 0, 1]
68: [1, 0, 0]
69: [0, 1, 1]
70: [0, 1, 1]
71: [0, 1, 1]
72: [1, 0, 0]
73: [0, 0, 1]
74: [0, 1, 1]
75: [0, 0, 1]
76: [0, 1, 1]
77: [1, 0, 1]
78: [1, 1, 1]
79: [0, 1, 1]
80: [1, 1, 0]
81: [1, 1, 0]
82: [1, 1, 1]
83: [1, 0, 1]
84: [0, 1, 0]
85: [1, 0, 1]
86: [0, 0, 1]
87: [1, 0, 0]
88: [1, 1, 0]
89: [0, 1, 1]
90: [1, 0, 1]
Clausulas no satisfechas: 
4: [0, 0, 0]
5: [0, 0, 0]
36: [0, 0, 0]
54: [0, 0, 0]
61: [0, 0, 0]
Clausula random a cambiar :  54. Elemento a cambiar: 2
Bit Stream a Cambiar: 8 	
Bit Stream antes de cambio: [0, 0, 1, 0, 1, 1, 1, 0, 1, 1, 1, 1, 1, 0, 0, 0, 0, 0, 1, 1]	
Bit Stream Modificado:      [0, 0, 1, 0, 1, 1, 1, 1, 1, 1, 1, 1, 1, 0, 0, 0, 0, 0, 1, 1]
Intento numero: [ 6 ]
------------------
Clausulas satisfechas: 
0: [0, 1, 1]
1: [0, 1, 1]
2: [0, 1, 1]
3: [1, 1, 1]
4: [1, 0, 0]
6: [1, 0, 0]
7: [0, 1, 1]
8: [1, 1, 0]
9: [1, 1, 0]
10: [0, 1, 1]
11: [1, 1, 1]
12: [1, 1, 0]
13: [1, 0, 1]
14: [1, 1, 1]
15: [1, 1, 0]
16: [1, 0, 1]
17: [1, 0, 1]
18: [1, 0, 1]
19: [0, 1, 0]
20: [0, 1, 1]
21: [1, 1, 0]
22: [1, 1, 1]
23: [0, 1, 1]
24: [0, 0, 1]
25: [0, 1, 0]
26: [1, 0, 1]
27: [0, 0, 1]
28: [0, 1, 0]
29: [0, 0, 1]
30: [0, 1, 1]
31: [0, 1, 0]
32: [1, 0, 1]
33: [1, 1, 0]
34: [1, 0, 0]
35: [1, 0, 1]
37: [0, 1, 1]
39: [0, 1, 0]
40: [1, 1, 1]
41: [1, 1, 0]
42: [1, 1, 0]
43: [0, 1, 0]
44: [1, 1, 1]
45: [0, 1, 0]
46: [0, 1, 1]
47: [0, 1, 1]
48: [1, 1, 0]
49: [1, 0, 0]
50: [0, 1, 1]
51: [1, 0, 0]
52: [1, 1, 0]
53: [1, 1, 0]
54: [0, 1, 0]
55: [1, 0, 0]
56: [0, 1, 0]
57: [1, 1, 0]
58: [1, 0, 1]
59: [1, 1, 1]
60: [1, 1, 0]
62: [1, 1, 0]
63: [1, 0, 1]
64: [1, 1, 0]
65: [0, 0, 1]
66: [1, 1, 1]
67: [1, 0, 1]
68: [1, 0, 0]
69: [0, 1, 1]
70: [0, 1, 1]
71: [0, 1, 1]
72: [1, 0, 0]
74: [0, 1, 1]
75: [0, 0, 1]
76: [0, 1, 1]
77: [1, 0, 1]
78: [0, 1, 1]
79: [0, 1, 1]
80: [1, 1, 0]
81: [1, 1, 0]
82: [1, 1, 1]
83: [1, 0, 1]
84: [0, 1, 0]
85: [1, 0, 1]
86: [0, 0, 1]
87: [1, 0, 0]
88: [1, 1, 0]
89: [0, 1, 1]
90: [1, 0, 1]
Clausulas no satisfechas: 
5: [0, 0, 0]
36: [0, 0, 0]
38: [0, 0, 0]
61: [0, 0, 0]
73: [0, 0, 0]
Clausula random a cambiar :  36. Elemento a cambiar: 3
Bit Stream a Cambiar: 14 	
Bit Stream antes de cambio: [0, 0, 1, 0, 1, 1, 1, 1, 1, 1, 1, 1, 1, 0, 0, 0, 0, 0, 1, 1]	
Bit Stream Modificado:      [0, 0, 1, 0, 1, 1, 1, 1, 1, 1, 1, 1, 1, 1, 0, 0, 0, 0, 1, 1]
Intento numero: [ 7 ]
------------------
Clausulas satisfechas: 
0: [0, 1, 1]
1: [0, 1, 1]
2: [0, 1, 1]
3: [1, 1, 1]
4: [1, 0, 1]
5: [0, 0, 1]
6: [1, 0, 0]
7: [0, 1, 1]
8: [1, 1, 0]
9: [1, 1, 0]
10: [0, 1, 1]
11: [0, 1, 1]
12: [1, 1, 0]
13: [1, 0, 1]
14: [1, 1, 0]
15: [1, 1, 0]
16: [1, 0, 1]
17: [1, 0, 1]
18: [1, 0, 1]
19: [0, 1, 0]
20: [0, 1, 1]
21: [1, 1, 0]
22: [1, 1, 1]
23: [1, 1, 1]
24: [0, 0, 1]
25: [0, 1, 0]
26: [1, 0, 1]
27: [0, 0, 1]
28: [1, 1, 0]
29: [0, 0, 1]
30: [0, 1, 1]
32: [1, 0, 1]
33: [1, 1, 0]
34: [1, 0, 0]
35: [1, 0, 1]
36: [0, 0, 1]
37: [0, 1, 0]
39: [0, 1, 0]
40: [1, 1, 0]
41: [1, 1, 0]
42: [1, 1, 0]
43: [0, 1, 0]
44: [1, 1, 1]
45: [0, 1, 0]
46: [0, 1, 1]
47: [0, 1, 1]
48: [1, 1, 0]
49: [1, 0, 0]
50: [0, 1, 1]
51: [1, 0, 0]
52: [1, 1, 0]
53: [1, 1, 0]
54: [0, 1, 0]
55: [1, 0, 0]
56: [0, 1, 0]
57: [1, 0, 0]
58: [1, 0, 1]
59: [1, 1, 0]
60: [1, 1, 0]
62: [1, 1, 0]
63: [1, 0, 1]
64: [1, 1, 0]
65: [0, 0, 1]
66: [1, 1, 1]
67: [1, 0, 1]
68: [1, 0, 1]
69: [0, 1, 1]
70: [0, 1, 1]
71: [1, 1, 1]
72: [1, 1, 0]
74: [1, 1, 1]
75: [0, 0, 1]
76: [0, 1, 1]
77: [1, 0, 1]
78: [0, 1, 1]
79: [0, 1, 1]
80: [1, 1, 0]
81: [1, 1, 1]
82: [1, 1, 1]
83: [1, 0, 1]
84: [0, 1, 0]
85: [1, 0, 1]
86: [0, 0, 1]
87: [1, 0, 0]
88: [1, 1, 0]
89: [0, 1, 1]
90: [1, 0, 1]
Clausulas no satisfechas: 
31: [0, 0, 0]
38: [0, 0, 0]
61: [0, 0, 0]
73: [0, 0, 0]
Clausula random a cambiar :  38. Elemento a cambiar: 2
Bit Stream a Cambiar: 19 	
Bit Stream antes de cambio: [0, 0, 1, 0, 1, 1, 1, 1, 1, 1, 1, 1, 1, 1, 0, 0, 0, 0, 1, 1]	
Bit Stream Modificado:      [0, 0, 1, 0, 1, 1, 1, 1, 1, 1, 1, 1, 1, 1, 0, 0, 0, 0, 0, 1]
Intento numero: [ 8 ]
------------------
Clausulas satisfechas: 
0: [0, 1, 1]
1: [0, 1, 1]
2: [0, 1, 1]
3: [1, 1, 1]
4: [1, 0, 1]
5: [0, 1, 1]
6: [1, 0, 0]
7: [1, 1, 1]
8: [1, 1, 0]
9: [1, 1, 0]
10: [0, 1, 1]
11: [0, 1, 1]
12: [0, 1, 0]
13: [1, 0, 1]
14: [1, 1, 0]
15: [1, 1, 0]
16: [1, 0, 1]
17: [1, 0, 1]
18: [1, 0, 1]
19: [0, 1, 0]
20: [0, 1, 1]
21: [1, 1, 0]
22: [1, 1, 1]
23: [1, 1, 1]
24: [0, 0, 1]
25: [0, 1, 0]
26: [1, 0, 1]
28: [1, 1, 1]
29: [0, 0, 1]
30: [0, 1, 1]
32: [1, 0, 1]
33: [1, 1, 0]
34: [1, 0, 0]
35: [1, 0, 1]
36: [0, 0, 1]
37: [0, 1, 0]
38: [0, 1, 0]
39: [0, 1, 0]
40: [0, 1, 0]
41: [1, 1, 0]
42: [1, 1, 0]
43: [0, 1, 0]
44: [1, 1, 1]
45: [0, 1, 0]
46: [0, 1, 1]
47: [0, 1, 1]
48: [1, 1, 0]
50: [0, 1, 1]
51: [1, 0, 0]
52: [1, 1, 1]
53: [1, 1, 0]
54: [0, 1, 0]
55: [1, 0, 0]
56: [0, 1, 0]
57: [1, 0, 0]
58: [1, 1, 1]
59: [1, 1, 0]
60: [1, 0, 0]
62: [1, 1, 1]
63: [1, 0, 1]
64: [1, 1, 0]
65: [0, 0, 1]
66: [1, 1, 1]
67: [1, 0, 1]
68: [1, 0, 1]
69: [0, 1, 1]
70: [0, 1, 1]
71: [1, 1, 1]
72: [1, 1, 0]
74: [1, 1, 1]
75: [0, 0, 1]
76: [0, 1, 1]
77: [1, 0, 1]
78: [0, 0, 1]
79: [0, 1, 1]
80: [1, 1, 0]
81: [1, 1, 1]
82: [1, 1, 0]
83: [1, 0, 0]
84: [0, 1, 0]
85: [1, 0, 1]
86: [0, 0, 1]
87: [1, 0, 0]
88: [1, 1, 0]
89: [0, 1, 1]
90: [1, 0, 1]
Clausulas no satisfechas: 
27: [0, 0, 0]
31: [0, 0, 0]
49: [0, 0, 0]
61: [0, 0, 0]
73: [0, 0, 0]
Clausula random a cambiar :  49. Elemento a cambiar: 2
Bit Stream a Cambiar: 12 	
Bit Stream antes de cambio: [0, 0, 1, 0, 1, 1, 1, 1, 1, 1, 1, 1, 1, 1, 0, 0, 0, 0, 0, 1]	
Bit Stream Modificado:      [0, 0, 1, 0, 1, 1, 1, 1, 1, 1, 1, 0, 1, 1, 0, 0, 0, 0, 0, 1]
Intento numero: [ 9 ]
------------------
Clausulas satisfechas: 
0: [0, 1, 0]
1: [0, 1, 1]
2: [0, 1, 1]
3: [1, 1, 0]
4: [1, 0, 1]
5: [0, 1, 1]
6: [1, 0, 0]
7: [1, 1, 1]
8: [1, 1, 0]
9: [1, 1, 0]
10: [0, 1, 1]
11: [0, 1, 1]
12: [0, 1, 0]
13: [1, 0, 1]
14: [0, 1, 0]
15: [1, 1, 0]
16: [1, 0, 1]
17: [1, 0, 1]
18: [1, 0, 1]
19: [0, 1, 0]
20: [0, 1, 0]
21: [1, 1, 0]
22: [1, 1, 1]
23: [1, 1, 1]
24: [0, 0, 1]
25: [0, 1, 0]
26: [1, 0, 1]
28: [1, 1, 1]
29: [0, 0, 1]
30: [0, 1, 1]
32: [1, 0, 1]
33: [1, 1, 0]
34: [1, 0, 0]
35: [1, 0, 1]
36: [0, 0, 1]
37: [0, 1, 0]
38: [0, 1, 0]
40: [0, 1, 0]
41: [1, 1, 0]
42: [1, 1, 0]
43: [0, 1, 0]
44: [1, 1, 1]
45: [0, 1, 0]
46: [0, 1, 0]
47: [0, 1, 1]
48: [1, 1, 0]
49: [0, 1, 0]
50: [0, 1, 1]
52: [1, 1, 1]
53: [1, 1, 0]
54: [0, 1, 0]
55: [1, 0, 0]
56: [0, 1, 0]
57: [1, 0, 0]
58: [1, 1, 1]
59: [1, 1, 0]
60: [1, 0, 1]
61: [1, 0, 0]
62: [1, 1, 1]
63: [1, 0, 1]
64: [1, 1, 1]
65: [0, 0, 1]
66: [1, 1, 1]
67: [1, 0, 1]
68: [1, 0, 1]
69: [0, 1, 1]
70: [0, 1, 1]
71: [1, 0, 1]
72: [1, 1, 0]
74: [1, 1, 1]
75: [0, 0, 1]
76: [0, 1, 1]
77: [1, 0, 1]
78: [0, 0, 1]
79: [0, 1, 1]
80: [1, 1, 0]
81: [0, 1, 1]
82: [1, 1, 0]
83: [1, 0, 0]
84: [0, 1, 0]
85: [1, 0, 1]
86: [0, 0, 1]
88: [1, 1, 0]
89: [0, 1, 1]
90: [1, 0, 1]
Clausulas no satisfechas: 
27: [0, 0, 0]
31: [0, 0, 0]
39: [0, 0, 0]
51: [0, 0, 0]
73: [0, 0, 0]
87: [0, 0, 0]
Clausula random a cambiar :  31. Elemento a cambiar: 1
Bit Stream a Cambiar: 2 	
Bit Stream antes de cambio: [0, 0, 1, 0, 1, 1, 1, 1, 1, 1, 1, 0, 1, 1, 0, 0, 0, 0, 0, 1]	
Bit Stream Modificado:      [0, 1, 1, 0, 1, 1, 1, 1, 1, 1, 1, 0, 1, 1, 0, 0, 0, 0, 0, 1]
Intento numero: [ 10 ]
------------------
Clausulas satisfechas: 
0: [0, 1, 0]
1: [0, 1, 1]
2: [0, 1, 1]
3: [1, 1, 0]
4: [1, 1, 1]
5: [0, 1, 1]
6: [1, 0, 0]
7: [1, 1, 1]
8: [1, 1, 0]
9: [0, 1, 0]
10: [0, 1, 1]
11: [0, 1, 1]
12: [0, 1, 0]
13: [1, 0, 0]
14: [0, 1, 0]
15: [1, 0, 0]
16: [1, 0, 1]
17: [1, 0, 1]
18: [1, 0, 1]
19: [0, 1, 0]
20: [0, 1, 0]
21: [1, 1, 0]
22: [1, 1, 1]
23: [1, 1, 1]
24: [0, 0, 1]
25: [0, 1, 0]
26: [0, 0, 1]
27: [1, 0, 0]
28: [1, 1, 1]
29: [0, 0, 1]
30: [0, 1, 1]
31: [1, 0, 0]
32: [1, 0, 1]
33: [0, 1, 0]
34: [1, 0, 0]
35: [1, 0, 1]
36: [0, 1, 1]
37: [0, 1, 0]
38: [0, 1, 0]
40: [0, 1, 0]
41: [1, 1, 0]
42: [1, 1, 0]
43: [0, 1, 0]
44: [1, 1, 1]
45: [0, 1, 0]
46: [0, 1, 0]
47: [0, 0, 1]
48: [1, 1, 0]
49: [0, 1, 0]
50: [0, 1, 1]
51: [0, 1, 0]
52: [1, 1, 1]
53: [1, 1, 0]
54: [0, 1, 0]
56: [0, 1, 0]
57: [1, 0, 0]
58: [1, 1, 1]
59: [1, 1, 0]
60: [1, 0, 1]
61: [1, 0, 0]
62: [1, 1, 1]
63: [1, 1, 1]
64: [1, 1, 1]
65: [0, 0, 1]
66: [1, 1, 1]
67: [1, 0, 1]
68: [1, 0, 1]
69: [0, 1, 1]
70: [0, 1, 1]
71: [1, 0, 1]
72: [1, 1, 1]
74: [1, 1, 1]
75: [0, 0, 1]
76: [0, 1, 1]
77: [1, 0, 1]
78: [0, 0, 1]
79: [0, 1, 1]
80: [1, 1, 0]
81: [0, 1, 1]
82: [1, 1, 0]
83: [1, 0, 0]
84: [0, 1, 0]
85: [1, 0, 1]
86: [0, 0, 1]
88: [1, 1, 0]
89: [0, 0, 1]
90: [1, 0, 1]
Clausulas no satisfechas: 
39: [0, 0, 0]
55: [0, 0, 0]
73: [0, 0, 0]
87: [0, 0, 0]
Clausula random a cambiar :  87. Elemento a cambiar: 2
Bit Stream a Cambiar: 1 	
Bit Stream antes de cambio: [0, 1, 1, 0, 1, 1, 1, 1, 1, 1, 1, 0, 1, 1, 0, 0, 0, 0, 0, 1]	
Bit Stream Modificado:      [1, 1, 1, 0, 1, 1, 1, 1, 1, 1, 1, 0, 1, 1, 0, 0, 0, 0, 0, 1]
Intento numero: [ 11 ]
------------------
Clausulas satisfechas: 
0: [0, 1, 0]
1: [0, 1, 1]
2: [0, 1, 1]
3: [1, 1, 0]
4: [1, 1, 1]
5: [0, 1, 1]
6: [1, 0, 0]
7: [1, 1, 1]
8: [0, 1, 0]
9: [0, 1, 0]
10: [0, 1, 1]
11: [0, 1, 1]
12: [0, 1, 0]
13: [1, 0, 0]
14: [0, 1, 0]
16: [1, 0, 1]
17: [1, 0, 0]
18: [1, 0, 1]
19: [1, 1, 0]
20: [0, 1, 0]
21: [1, 1, 0]
22: [1, 1, 1]
23: [1, 1, 1]
24: [0, 0, 1]
25: [0, 1, 0]
26: [0, 0, 1]
27: [1, 0, 0]
28: [1, 1, 1]
29: [0, 0, 1]
30: [0, 1, 1]
31: [1, 0, 0]
32: [1, 0, 1]
33: [0, 1, 0]
34: [1, 0, 0]
35: [1, 1, 1]
36: [0, 1, 1]
37: [0, 1, 0]
38: [0, 1, 0]
40: [0, 1, 0]
41: [1, 1, 0]
42: [1, 1, 0]
44: [1, 1, 1]
47: [0, 0, 1]
48: [1, 1, 0]
49: [0, 1, 0]
50: [0, 1, 1]
51: [0, 1, 0]
52: [1, 1, 1]
53: [1, 1, 0]
54: [1, 1, 0]
56: [0, 1, 0]
57: [1, 0, 0]
58: [1, 1, 1]
59: [1, 1, 0]
60: [1, 0, 1]
61: [1, 0, 0]
62: [1, 1, 1]
63: [1, 1, 1]
64: [1, 1, 1]
65: [0, 1, 1]
66: [1, 0, 1]
67: [1, 1, 1]
68: [1, 0, 1]
69: [0, 1, 1]
70: [0, 1, 1]
71: [1, 0, 1]
72: [1, 1, 1]
74: [1, 1, 1]
75: [0, 0, 1]
76: [1, 1, 1]
77: [1, 0, 1]
78: [0, 0, 1]
79: [0, 1, 0]
80: [1, 1, 0]
81: [0, 1, 1]
82: [1, 1, 0]
83: [1, 0, 0]
84: [0, 1, 0]
85: [1, 0, 1]
86: [0, 0, 1]
87: [0, 1, 0]
88: [1, 1, 0]
90: [1, 0, 0]
Clausulas no satisfechas: 
15: [0, 0, 0]
39: [0, 0, 0]
43: [0, 0, 0]
45: [0, 0, 0]
46: [0, 0, 0]
55: [0, 0, 0]
73: [0, 0, 0]
89: [0, 0, 0]
Clausula random a cambiar :  45. Elemento a cambiar: 3
Bit Stream a Cambiar: 16 	
Bit Stream antes de cambio: [1, 1, 1, 0, 1, 1, 1, 1, 1, 1, 1, 0, 1, 1, 0, 0, 0, 0, 0, 1]	
Bit Stream Modificado:      [1, 1, 1, 0, 1, 1, 1, 1, 1, 1, 1, 0, 1, 1, 0, 1, 0, 0, 0, 1]
Intento numero: [ 12 ]
------------------
Clausulas satisfechas: 
0: [0, 1, 0]
1: [0, 1, 1]
2: [0, 1, 1]
3: [1, 0, 0]
4: [1, 1, 1]
5: [0, 1, 1]
6: [1, 0, 0]
7: [1, 0, 1]
9: [0, 1, 0]
10: [0, 1, 1]
11: [0, 1, 1]
12: [0, 1, 0]
13: [1, 0, 0]
14: [0, 1, 0]
16: [1, 0, 1]
17: [1, 0, 0]
18: [1, 0, 1]
19: [1, 1, 0]
20: [0, 1, 0]
21: [1, 1, 0]
22: [1, 1, 1]
23: [1, 0, 1]
24: [0, 0, 1]
25: [0, 1, 0]
26: [0, 0, 1]
27: [1, 0, 0]
28: [1, 1, 1]
29: [0, 0, 1]
30: [0, 1, 1]
31: [1, 0, 0]
32: [1, 1, 1]
33: [0, 1, 0]
34: [1, 0, 1]
35: [1, 1, 0]
36: [0, 1, 1]
37: [0, 1, 0]
38: [0, 1, 0]
40: [0, 1, 0]
41: [1, 1, 0]
42: [1, 1, 0]
44: [1, 1, 1]
45: [0, 0, 1]
47: [0, 0, 1]
48: [1, 1, 0]
49: [0, 1, 0]
50: [0, 1, 1]
51: [0, 1, 0]
52: [1, 1, 1]
53: [1, 1, 0]
54: [1, 1, 0]
56: [0, 1, 0]
57: [1, 0, 0]
58: [1, 1, 1]
59: [1, 1, 0]
60: [1, 0, 1]
61: [1, 0, 0]
62: [1, 1, 1]
63: [1, 1, 1]
64: [1, 1, 1]
65: [0, 1, 1]
66: [1, 0, 1]
67: [1, 1, 1]
68: [1, 0, 1]
69: [0, 1, 1]
70: [0, 1, 1]
71: [1, 0, 1]
72: [1, 1, 1]
74: [1, 1, 1]
75: [0, 0, 1]
76: [1, 1, 1]
77: [0, 0, 1]
78: [0, 0, 1]
79: [0, 1, 0]
80: [1, 1, 0]
81: [0, 1, 1]
82: [1, 1, 0]
83: [1, 0, 0]
84: [0, 1, 0]
85: [1, 0, 1]
86: [0, 0, 1]
87: [0, 1, 0]
88: [1, 1, 0]
89: [1, 0, 0]
90: [1, 0, 0]
Clausulas no satisfechas: 
8: [0, 0, 0]
15: [0, 0, 0]
39: [0, 0, 0]
43: [0, 0, 0]
46: [0, 0, 0]
55: [0, 0, 0]
73: [0, 0, 0]
Clausula random a cambiar :  39. Elemento a cambiar: 1
Bit Stream a Cambiar: 4 	
Bit Stream antes de cambio: [1, 1, 1, 0, 1, 1, 1, 1, 1, 1, 1, 0, 1, 1, 0, 1, 0, 0, 0, 1]	
Bit Stream Modificado:      [1, 1, 1, 1, 1, 1, 1, 1, 1, 1, 1, 0, 1, 1, 0, 1, 0, 0, 0, 1]
Intento numero: [ 13 ]
------------------
Clausulas satisfechas: 
0: [0, 1, 0]
1: [0, 1, 1]
2: [0, 1, 1]
4: [1, 1, 1]
5: [0, 1, 1]
6: [1, 1, 0]
7: [1, 0, 1]
9: [0, 1, 0]
10: [0, 1, 1]
11: [0, 1, 1]
12: [0, 1, 0]
13: [1, 0, 0]
14: [0, 1, 0]
16: [1, 0, 1]
17: [1, 0, 0]
18: [1, 0, 1]
19: [1, 1, 0]
20: [1, 1, 0]
21: [1, 1, 0]
22: [1, 1, 1]
23: [1, 0, 1]
24: [1, 0, 1]
25: [0, 1, 0]
26: [0, 0, 1]
27: [1, 0, 0]
28: [1, 1, 1]
29: [0, 0, 1]
30: [0, 1, 1]
31: [1, 0, 0]
32: [1, 1, 1]
33: [0, 1, 0]
34: [1, 0, 1]
35: [1, 1, 0]
36: [0, 1, 1]
37: [0, 1, 0]
38: [0, 1, 0]
39: [1, 0, 0]
40: [0, 1, 0]
41: [1, 1, 0]
42: [1, 1, 0]
44: [1, 1, 1]
45: [0, 0, 1]
48: [1, 1, 0]
49: [0, 1, 0]
50: [0, 1, 1]
51: [0, 1, 0]
52: [1, 1, 1]
53: [1, 1, 0]
54: [1, 1, 0]
56: [0, 1, 0]
57: [1, 0, 0]
58: [0, 1, 1]
59: [1, 1, 0]
60: [1, 0, 1]
61: [1, 0, 0]
62: [1, 1, 1]
63: [1, 1, 1]
64: [1, 1, 1]
65: [0, 1, 1]
66: [1, 0, 0]
67: [1, 1, 1]
68: [1, 0, 1]
69: [0, 1, 1]
70: [0, 1, 1]
71: [1, 0, 1]
72: [1, 1, 1]
74: [1, 1, 1]
75: [0, 0, 1]
76: [1, 1, 1]
77: [0, 0, 1]
78: [0, 0, 1]
79: [0, 1, 0]
80: [1, 1, 0]
81: [0, 0, 1]
82: [1, 1, 0]
83: [1, 0, 0]
84: [0, 1, 0]
85: [1, 0, 1]
86: [0, 0, 1]
87: [0, 1, 0]
88: [1, 1, 0]
89: [1, 0, 0]
90: [1, 0, 0]
Clausulas no satisfechas: 
3: [0, 0, 0]
8: [0, 0, 0]
15: [0, 0, 0]
43: [0, 0, 0]
46: [0, 0, 0]
47: [0, 0, 0]
55: [0, 0, 0]
73: [0, 0, 0]
Clausula random a cambiar :  47. Elemento a cambiar: 2
Bit Stream a Cambiar: 2 	
Bit Stream antes de cambio: [1, 1, 1, 1, 1, 1, 1, 1, 1, 1, 1, 0, 1, 1, 0, 1, 0, 0, 0, 1]	
Bit Stream Modificado:      [1, 0, 1, 1, 1, 1, 1, 1, 1, 1, 1, 0, 1, 1, 0, 1, 0, 0, 0, 1]
Intento numero: [ 14 ]
------------------
Clausulas satisfechas: 
0: [0, 1, 0]
1: [0, 1, 1]
2: [0, 1, 1]
4: [1, 0, 1]
5: [0, 1, 1]
6: [1, 1, 0]
7: [1, 0, 1]
9: [1, 1, 0]
10: [0, 1, 1]
11: [0, 1, 1]
12: [0, 1, 0]
13: [1, 0, 1]
14: [0, 1, 0]
15: [0, 1, 0]
16: [1, 0, 1]
17: [1, 0, 0]
18: [1, 0, 1]
19: [1, 1, 0]
20: [1, 1, 0]
21: [1, 1, 0]
22: [1, 1, 1]
23: [1, 0, 1]
24: [1, 0, 1]
25: [0, 1, 0]
26: [1, 0, 1]
28: [1, 1, 1]
29: [0, 0, 1]
30: [0, 1, 1]
32: [1, 1, 1]
33: [1, 1, 0]
34: [1, 0, 1]
35: [1, 1, 0]
36: [0, 0, 1]
37: [0, 1, 0]
38: [0, 1, 0]
39: [1, 0, 0]
40: [0, 1, 0]
41: [1, 1, 0]
42: [1, 1, 0]
44: [1, 1, 1]
45: [0, 0, 1]
47: [0, 1, 0]
48: [1, 1, 0]
49: [0, 1, 0]
50: [0, 1, 1]
52: [1, 1, 1]
53: [1, 1, 0]
54: [1, 1, 0]
55: [1, 0, 0]
56: [0, 1, 0]
57: [1, 0, 0]
58: [0, 1, 1]
59: [1, 1, 0]
60: [1, 0, 1]
61: [1, 0, 0]
62: [1, 1, 1]
63: [1, 0, 1]
64: [1, 1, 1]
65: [0, 1, 1]
66: [1, 0, 0]
67: [1, 1, 1]
68: [1, 0, 1]
69: [0, 1, 1]
70: [0, 1, 1]
71: [1, 0, 1]
72: [1, 1, 0]
74: [1, 1, 1]
75: [0, 0, 1]
76: [1, 1, 1]
77: [0, 0, 1]
78: [0, 0, 1]
79: [0, 1, 0]
80: [1, 1, 0]
81: [0, 0, 1]
82: [1, 1, 0]
83: [1, 0, 0]
84: [0, 1, 0]
85: [1, 0, 1]
86: [0, 0, 1]
87: [0, 1, 0]
88: [1, 1, 0]
89: [1, 1, 0]
90: [1, 0, 0]
Clausulas no satisfechas: 
3: [0, 0, 0]
8: [0, 0, 0]
27: [0, 0, 0]
31: [0, 0, 0]
43: [0, 0, 0]
46: [0, 0, 0]
51: [0, 0, 0]
73: [0, 0, 0]
Clausula random a cambiar :  8. Elemento a cambiar: 2
Bit Stream a Cambiar: 16 	
Bit Stream antes de cambio: [1, 0, 1, 1, 1, 1, 1, 1, 1, 1, 1, 0, 1, 1, 0, 1, 0, 0, 0, 1]	
Bit Stream Modificado:      [1, 0, 1, 1, 1, 1, 1, 1, 1, 1, 1, 0, 1, 1, 0, 0, 0, 0, 0, 1]
Intento numero: [ 15 ]
------------------
Clausulas satisfechas: 
0: [0, 1, 0]
1: [0, 1, 1]
2: [0, 1, 1]
3: [0, 1, 0]
4: [1, 0, 1]
5: [0, 1, 1]
6: [1, 1, 0]
7: [1, 1, 1]
8: [0, 1, 0]
9: [1, 1, 0]
10: [0, 1, 1]
11: [0, 1, 1]
12: [0, 1, 0]
13: [1, 0, 1]
14: [0, 1, 0]
15: [0, 1, 0]
16: [1, 0, 1]
17: [1, 0, 0]
18: [1, 0, 1]
19: [1, 1, 0]
20: [1, 1, 0]
21: [1, 1, 0]
22: [1, 1, 1]
23: [1, 1, 1]
24: [1, 0, 1]
25: [0, 1, 0]
26: [1, 0, 1]
28: [1, 1, 1]
29: [0, 0, 1]
30: [0, 1, 1]
32: [1, 0, 1]
33: [1, 1, 0]
34: [1, 0, 0]
35: [1, 1, 1]
36: [0, 0, 1]
37: [0, 1, 0]
38: [0, 1, 0]
39: [1, 0, 0]
40: [0, 1, 0]
41: [1, 1, 0]
42: [1, 1, 0]
44: [1, 1, 1]
47: [0, 1, 0]
48: [1, 1, 0]
49: [0, 1, 0]
50: [0, 1, 1]
52: [1, 1, 1]
53: [1, 1, 0]
54: [1, 1, 0]
55: [1, 0, 0]
56: [0, 1, 0]
57: [1, 0, 0]
58: [0, 1, 1]
59: [1, 1, 0]
60: [1, 0, 1]
61: [1, 0, 0]
62: [1, 1, 1]
63: [1, 0, 1]
64: [1, 1, 1]
65: [0, 1, 1]
66: [1, 0, 0]
67: [1, 1, 1]
68: [1, 0, 1]
69: [0, 1, 1]
70: [0, 1, 1]
71: [1, 0, 1]
72: [1, 1, 0]
74: [1, 1, 1]
75: [0, 0, 1]
76: [1, 1, 1]
77: [1, 0, 1]
78: [0, 0, 1]
79: [0, 1, 0]
80: [1, 1, 0]
81: [0, 0, 1]
82: [1, 1, 0]
83: [1, 0, 0]
84: [0, 1, 0]
85: [1, 0, 1]
86: [0, 0, 1]
87: [0, 1, 0]
88: [1, 1, 0]
89: [0, 1, 0]
90: [1, 0, 0]
Clausulas no satisfechas: 
27: [0, 0, 0]
31: [0, 0, 0]
43: [0, 0, 0]
45: [0, 0, 0]
46: [0, 0, 0]
51: [0, 0, 0]
73: [0, 0, 0]
Clausula random a cambiar :  43. Elemento a cambiar: 1
Bit Stream a Cambiar: 15 	
Bit Stream antes de cambio: [1, 0, 1, 1, 1, 1, 1, 1, 1, 1, 1, 0, 1, 1, 0, 0, 0, 0, 0, 1]	
Bit Stream Modificado:      [1, 0, 1, 1, 1, 1, 1, 1, 1, 1, 1, 0, 1, 1, 1, 0, 0, 0, 0, 1]
Intento numero: [ 16 ]
------------------
Clausulas satisfechas: 
0: [0, 1, 0]
1: [0, 1, 1]
2: [0, 1, 1]
3: [0, 1, 0]
4: [1, 0, 1]
5: [0, 1, 1]
6: [1, 1, 0]
7: [1, 1, 1]
8: [0, 1, 0]
9: [1, 1, 0]
10: [0, 1, 1]
11: [0, 0, 1]
12: [0, 1, 1]
13: [1, 1, 1]
14: [0, 1, 0]
15: [0, 1, 0]
16: [1, 0, 1]
17: [1, 0, 0]
18: [1, 0, 1]
19: [1, 1, 1]
20: [1, 1, 0]
21: [1, 1, 0]
22: [1, 1, 1]
23: [1, 1, 1]
24: [1, 0, 1]
26: [1, 0, 1]
28: [1, 1, 1]
29: [0, 0, 1]
30: [0, 1, 1]
32: [1, 0, 0]
33: [1, 1, 0]
34: [1, 0, 0]
35: [1, 1, 1]
36: [0, 0, 1]
37: [0, 1, 0]
38: [1, 1, 0]
39: [1, 0, 0]
40: [0, 1, 0]
41: [1, 1, 0]
42: [1, 1, 0]
43: [1, 0, 0]
44: [1, 1, 1]
47: [0, 1, 0]
48: [1, 1, 0]
49: [0, 1, 0]
50: [1, 1, 1]
52: [1, 1, 1]
53: [1, 1, 0]
54: [1, 1, 0]
55: [1, 0, 0]
56: [0, 1, 0]
57: [1, 0, 0]
58: [0, 1, 1]
59: [1, 1, 0]
60: [1, 0, 1]
61: [1, 0, 0]
62: [1, 1, 1]
63: [1, 0, 1]
64: [1, 1, 1]
65: [1, 1, 1]
66: [1, 0, 0]
67: [1, 1, 1]
68: [1, 0, 1]
69: [1, 1, 1]
70: [0, 1, 1]
71: [1, 0, 1]
72: [1, 1, 0]
74: [1, 0, 1]
75: [0, 0, 1]
76: [1, 1, 1]
77: [1, 1, 1]
78: [0, 0, 1]
79: [0, 1, 0]
80: [1, 1, 0]
81: [0, 0, 1]
82: [1, 1, 0]
83: [1, 1, 0]
84: [0, 1, 0]
85: [1, 0, 1]
86: [1, 0, 1]
87: [0, 1, 0]
88: [1, 1, 1]
89: [0, 1, 0]
90: [1, 0, 0]
Clausulas no satisfechas: 
25: [0, 0, 0]
27: [0, 0, 0]
31: [0, 0, 0]
45: [0, 0, 0]
46: [0, 0, 0]
51: [0, 0, 0]
73: [0, 0, 0]
Clausula random a cambiar :  51. Elemento a cambiar: 3
Bit Stream a Cambiar: 7 	
Bit Stream antes de cambio: [1, 0, 1, 1, 1, 1, 1, 1, 1, 1, 1, 0, 1, 1, 1, 0, 0, 0, 0, 1]	
Bit Stream Modificado:      [1, 0, 1, 1, 1, 1, 0, 1, 1, 1, 1, 0, 1, 1, 1, 0, 0, 0, 0, 1]
Intento numero: [ 17 ]
------------------
Clausulas satisfechas: 
0: [0, 1, 0]
1: [1, 1, 1]
2: [0, 1, 1]
3: [0, 1, 0]
4: [1, 0, 1]
5: [0, 1, 1]
6: [0, 1, 0]
7: [1, 1, 1]
8: [0, 1, 0]
9: [1, 1, 0]
10: [0, 1, 1]
11: [0, 0, 1]
12: [0, 1, 1]
13: [1, 1, 1]
14: [0, 1, 0]
15: [0, 1, 0]
16: [1, 0, 1]
17: [1, 0, 0]
18: [0, 0, 1]
19: [1, 1, 1]
20: [1, 1, 0]
21: [1, 1, 0]
22: [0, 1, 1]
23: [1, 1, 1]
24: [1, 0, 1]
26: [1, 0, 1]
28: [1, 1, 1]
29: [0, 0, 1]
30: [0, 1, 1]
31: [0, 0, 1]
32: [1, 0, 0]
33: [1, 1, 0]
34: [1, 0, 0]
35: [1, 1, 1]
36: [0, 0, 1]
37: [0, 1, 0]
38: [1, 1, 0]
39: [1, 0, 0]
40: [0, 1, 0]
41: [1, 1, 1]
42: [1, 1, 0]
43: [1, 0, 0]
44: [1, 1, 1]
47: [0, 1, 0]
48: [1, 1, 0]
49: [0, 1, 0]
50: [1, 1, 1]
51: [0, 0, 1]
52: [1, 1, 1]
53: [1, 1, 0]
54: [1, 1, 0]
55: [1, 0, 0]
56: [0, 1, 0]
57: [1, 0, 0]
58: [0, 1, 1]
59: [0, 1, 0]
60: [1, 0, 1]
61: [1, 1, 0]
62: [1, 0, 1]
63: [1, 0, 1]
64: [1, 1, 1]
65: [1, 1, 1]
66: [1, 0, 0]
67: [1, 1, 1]
68: [1, 0, 1]
69: [1, 1, 1]
70: [0, 1, 1]
71: [1, 0, 1]
72: [1, 1, 0]
74: [1, 0, 1]
75: [0, 0, 1]
76: [1, 1, 1]
77: [1, 1, 1]
79: [1, 1, 0]
80: [1, 1, 0]
81: [0, 0, 1]
82: [0, 1, 0]
83: [1, 1, 0]
84: [0, 1, 0]
85: [1, 0, 1]
86: [1, 0, 1]
87: [0, 1, 0]
88: [1, 1, 1]
89: [0, 1, 0]
90: [1, 0, 0]
Clausulas no satisfechas: 
25: [0, 0, 0]
27: [0, 0, 0]
45: [0, 0, 0]
46: [0, 0, 0]
73: [0, 0, 0]
78: [0, 0, 0]
Clausula random a cambiar :  27. Elemento a cambiar: 1
Bit Stream a Cambiar: 2 	
Bit Stream antes de cambio: [1, 0, 1, 1, 1, 1, 0, 1, 1, 1, 1, 0, 1, 1, 1, 0, 0, 0, 0, 1]	
Bit Stream Modificado:      [1, 1, 1, 1, 1, 1, 0, 1, 1, 1, 1, 0, 1, 1, 1, 0, 0, 0, 0, 1]
Intento numero: [ 18 ]
------------------
Clausulas satisfechas: 
0: [0, 1, 0]
1: [1, 1, 1]
2: [0, 1, 1]
3: [0, 1, 0]
4: [1, 1, 1]
5: [0, 1, 1]
6: [0, 1, 0]
7: [1, 1, 1]
8: [0, 1, 0]
9: [0, 1, 0]
10: [0, 1, 1]
11: [0, 0, 1]
12: [0, 1, 1]
13: [1, 1, 0]
14: [0, 1, 0]
16: [1, 0, 1]
17: [1, 0, 0]
18: [0, 0, 1]
19: [1, 1, 1]
20: [1, 1, 0]
21: [1, 1, 0]
22: [0, 1, 1]
23: [1, 1, 1]
24: [1, 0, 1]
26: [0, 0, 1]
27: [1, 0, 0]
28: [1, 1, 1]
29: [0, 0, 1]
30: [0, 1, 1]
31: [1, 0, 1]
32: [1, 0, 0]
33: [0, 1, 0]
34: [1, 0, 0]
35: [1, 1, 1]
36: [0, 1, 1]
37: [0, 1, 0]
38: [1, 1, 0]
39: [1, 0, 0]
40: [0, 1, 0]
41: [1, 1, 1]
42: [1, 1, 0]
43: [1, 0, 0]
44: [1, 1, 1]
48: [1, 1, 0]
49: [0, 1, 0]
50: [1, 1, 1]
51: [0, 1, 1]
52: [1, 1, 1]
53: [1, 1, 0]
54: [1, 1, 0]
56: [0, 1, 0]
57: [1, 0, 0]
58: [0, 1, 1]
59: [0, 1, 0]
60: [1, 0, 1]
61: [1, 1, 0]
62: [1, 0, 1]
63: [1, 1, 1]
64: [1, 1, 1]
65: [1, 1, 1]
66: [1, 0, 0]
67: [1, 1, 1]
68: [1, 0, 1]
69: [1, 1, 1]
70: [0, 1, 1]
71: [1, 0, 1]
72: [1, 1, 1]
74: [1, 0, 1]
75: [0, 0, 1]
76: [1, 1, 1]
77: [1, 1, 1]
79: [1, 1, 0]
80: [1, 1, 0]
81: [0, 0, 1]
82: [0, 1, 0]
83: [1, 1, 0]
84: [0, 1, 0]
85: [1, 0, 1]
86: [1, 0, 1]
87: [0, 1, 0]
88: [1, 1, 1]
90: [1, 0, 0]
Clausulas no satisfechas: 
15: [0, 0, 0]
25: [0, 0, 0]
45: [0, 0, 0]
46: [0, 0, 0]
47: [0, 0, 0]
55: [0, 0, 0]
73: [0, 0, 0]
78: [0, 0, 0]
89: [0, 0, 0]
Clausula random a cambiar :  46. Elemento a cambiar: 1
Bit Stream a Cambiar: 18 	
Bit Stream antes de cambio: [1, 1, 1, 1, 1, 1, 0, 1, 1, 1, 1, 0, 1, 1, 1, 0, 0, 0, 0, 1]	
Bit Stream Modificado:      [1, 1, 1, 1, 1, 1, 0, 1, 1, 1, 1, 0, 1, 1, 1, 0, 0, 1, 0, 1]
Intento numero: [ 19 ]
------------------
Clausulas satisfechas: 
0: [0, 1, 0]
1: [1, 1, 0]
2: [0, 1, 1]
3: [0, 1, 0]
4: [1, 1, 1]
5: [0, 1, 1]
6: [0, 1, 1]
7: [1, 1, 1]
8: [0, 1, 0]
9: [0, 1, 0]
10: [0, 1, 1]
11: [0, 0, 1]
12: [0, 0, 1]
13: [1, 1, 0]
14: [0, 1, 0]
16: [1, 0, 1]
17: [1, 1, 0]
18: [0, 0, 1]
19: [1, 1, 1]
20: [1, 1, 0]
21: [1, 1, 1]
22: [0, 1, 1]
23: [1, 1, 1]
24: [1, 1, 1]
26: [0, 0, 1]
27: [1, 0, 0]
28: [1, 1, 1]
29: [0, 0, 1]
30: [0, 1, 1]
31: [1, 0, 1]
32: [1, 0, 0]
33: [0, 1, 0]
35: [0, 1, 1]
36: [1, 1, 1]
37: [0, 1, 0]
38: [1, 1, 0]
39: [1, 0, 0]
40: [0, 1, 0]
41: [1, 1, 1]
42: [1, 1, 0]
43: [1, 0, 0]
44: [1, 1, 1]
46: [1, 0, 0]
47: [1, 0, 0]
48: [1, 1, 0]
49: [0, 1, 0]
50: [1, 1, 1]
51: [0, 1, 1]
52: [1, 1, 1]
53: [1, 1, 0]
54: [1, 1, 0]
55: [0, 1, 0]
56: [0, 1, 0]
58: [0, 1, 1]
59: [0, 1, 0]
60: [1, 0, 1]
61: [1, 1, 0]
62: [1, 0, 1]
63: [1, 1, 1]
64: [1, 1, 1]
65: [1, 1, 1]
66: [1, 0, 0]
67: [0, 1, 1]
68: [1, 1, 1]
69: [1, 1, 1]
70: [0, 1, 1]
71: [1, 0, 1]
72: [1, 1, 1]
74: [1, 0, 1]
75: [0, 0, 1]
76: [1, 1, 1]
77: [1, 1, 1]
79: [1, 1, 0]
80: [0, 1, 0]
81: [0, 0, 1]
82: [0, 1, 0]
83: [1, 1, 0]
84: [0, 1, 0]
85: [1, 0, 1]
86: [1, 0, 1]
87: [0, 1, 0]
88: [1, 1, 1]
90: [1, 0, 0]
Clausulas no satisfechas: 
15: [0, 0, 0]
25: [0, 0, 0]
34: [0, 0, 0]
45: [0, 0, 0]
57: [0, 0, 0]
73: [0, 0, 0]
78: [0, 0, 0]
89: [0, 0, 0]
Clausula random a cambiar :  25. Elemento a cambiar: 1
Bit Stream a Cambiar: 11 	
Bit Stream antes de cambio: [1, 1, 1, 1, 1, 1, 0, 1, 1, 1, 1, 0, 1, 1, 1, 0, 0, 1, 0, 1]	
Bit Stream Modificado:      [1, 1, 1, 1, 1, 1, 0, 1, 1, 1, 0, 0, 1, 1, 1, 0, 0, 1, 0, 1]
Intento numero: [ 20 ]
------------------
Clausulas satisfechas: 
0: [1, 1, 0]
1: [1, 1, 0]
2: [0, 1, 1]
3: [0, 1, 0]
4: [1, 1, 1]
5: [0, 1, 1]
6: [0, 1, 1]
7: [1, 1, 1]
8: [0, 1, 0]
9: [0, 1, 1]
10: [0, 1, 1]
11: [0, 0, 1]
12: [0, 0, 1]
13: [1, 1, 0]
14: [0, 1, 0]
16: [0, 0, 1]
17: [1, 1, 0]
18: [0, 1, 1]
19: [1, 1, 1]
20: [1, 1, 0]
21: [0, 1, 1]
22: [0, 1, 1]
23: [1, 1, 1]
24: [1, 1, 1]
25: [1, 0, 0]
26: [0, 0, 1]
27: [1, 0, 0]
28: [1, 1, 1]
29: [0, 0, 1]
30: [0, 1, 1]
31: [1, 0, 1]
32: [1, 0, 0]
33: [0, 1, 0]
35: [0, 1, 1]
36: [1, 1, 1]
37: [0, 1, 0]
38: [1, 1, 0]
39: [1, 0, 1]
40: [0, 1, 0]
41: [1, 1, 1]
42: [1, 1, 1]
43: [1, 0, 0]
44: [1, 1, 1]
45: [1, 0, 0]
46: [1, 0, 0]
47: [1, 0, 0]
48: [1, 1, 0]
49: [0, 1, 0]
50: [1, 0, 1]
51: [0, 1, 1]
52: [1, 1, 1]
53: [1, 1, 0]
54: [1, 1, 0]
55: [0, 1, 1]
56: [0, 1, 0]
58: [0, 1, 1]
59: [0, 1, 0]
60: [1, 0, 1]
61: [1, 1, 0]
62: [1, 0, 1]
63: [1, 1, 1]
64: [0, 1, 1]
65: [1, 1, 1]
66: [1, 0, 0]
67: [0, 1, 1]
68: [1, 1, 1]
69: [1, 1, 1]
70: [0, 0, 1]
71: [1, 0, 1]
72: [1, 1, 1]
74: [1, 0, 1]
75: [0, 0, 1]
76: [1, 1, 1]
77: [1, 1, 1]
79: [1, 1, 0]
80: [0, 1, 0]
81: [0, 0, 1]
82: [0, 1, 0]
83: [1, 1, 0]
84: [0, 1, 0]
85: [1, 0, 1]
86: [1, 1, 1]
87: [0, 1, 0]
88: [0, 1, 1]
90: [1, 0, 0]
Clausulas no satisfechas: 
15: [0, 0, 0]
34: [0, 0, 0]
57: [0, 0, 0]
73: [0, 0, 0]
78: [0, 0, 0]
89: [0, 0, 0]
Clausula random a cambiar :  89. Elemento a cambiar: 3
Bit Stream a Cambiar: 1 	
Bit Stream antes de cambio: [1, 1, 1, 1, 1, 1, 0, 1, 1, 1, 0, 0, 1, 1, 1, 0, 0, 1, 0, 1]	
Bit Stream Modificado:      [0, 1, 1, 1, 1, 1, 0, 1, 1, 1, 0, 0, 1, 1, 1, 0, 0, 1, 0, 1]
Intento numero: [ 21 ]
------------------
Clausulas satisfechas: 
0: [1, 1, 0]
1: [1, 1, 0]
2: [0, 1, 1]
3: [0, 1, 0]
4: [1, 1, 1]
5: [0, 1, 1]
6: [0, 1, 1]
7: [1, 1, 1]
8: [1, 1, 0]
9: [0, 1, 1]
10: [0, 1, 1]
11: [0, 0, 1]
12: [0, 0, 1]
13: [1, 1, 0]
14: [0, 1, 0]
15: [1, 0, 0]
16: [0, 0, 1]
17: [1, 1, 1]
18: [0, 1, 1]
19: [0, 1, 1]
20: [1, 1, 0]
21: [0, 1, 1]
22: [0, 1, 1]
23: [1, 1, 1]
24: [1, 1, 1]
25: [1, 0, 0]
26: [0, 0, 1]
27: [1, 0, 0]
28: [1, 1, 1]
29: [0, 0, 1]
30: [0, 1, 1]
31: [1, 0, 1]
32: [1, 0, 0]
33: [0, 1, 0]
35: [0, 0, 1]
36: [1, 1, 1]
37: [0, 1, 0]
38: [1, 1, 0]
39: [1, 0, 1]
40: [0, 1, 0]
41: [1, 1, 1]
42: [1, 1, 1]
43: [1, 1, 0]
44: [1, 1, 1]
45: [1, 1, 0]
46: [1, 1, 0]
47: [1, 0, 0]
48: [1, 1, 0]
49: [0, 1, 0]
50: [1, 0, 1]
51: [0, 1, 1]
52: [1, 1, 1]
53: [1, 1, 0]
54: [0, 1, 0]
55: [0, 1, 1]
56: [0, 1, 0]
58: [0, 1, 1]
59: [0, 1, 0]
60: [1, 0, 1]
61: [1, 1, 0]
62: [1, 0, 1]
63: [1, 1, 1]
64: [0, 1, 1]
65: [1, 0, 1]
66: [1, 1, 0]
67: [0, 0, 1]
68: [1, 1, 1]
69: [1, 1, 1]
70: [0, 0, 1]
71: [1, 0, 1]
72: [1, 1, 1]
74: [1, 0, 1]
75: [0, 0, 1]
76: [0, 1, 1]
77: [1, 1, 1]
79: [1, 1, 1]
80: [0, 1, 0]
81: [0, 0, 1]
82: [0, 1, 0]
83: [1, 1, 0]
84: [0, 1, 0]
85: [1, 0, 1]
86: [1, 1, 1]
88: [0, 1, 1]
89: [0, 0, 1]
90: [1, 0, 1]
Clausulas no satisfechas: 
34: [0, 0, 0]
57: [0, 0, 0]
73: [0, 0, 0]
78: [0, 0, 0]
87: [0, 0, 0]
Clausula random a cambiar :  57. Elemento a cambiar: 2
Bit Stream a Cambiar: 14 	
Bit Stream antes de cambio: [0, 1, 1, 1, 1, 1, 0, 1, 1, 1, 0, 0, 1, 1, 1, 0, 0, 1, 0, 1]	
Bit Stream Modificado:      [0, 1, 1, 1, 1, 1, 0, 1, 1, 1, 0, 0, 1, 0, 1, 0, 0, 1, 0, 1]
Intento numero: [ 22 ]
------------------
Clausulas satisfechas: 
0: [1, 1, 0]
1: [1, 1, 0]
2: [0, 1, 1]
3: [0, 1, 0]
4: [1, 1, 0]
5: [0, 1, 0]
6: [0, 1, 1]
7: [1, 1, 1]
8: [1, 1, 0]
9: [0, 1, 1]
10: [0, 1, 1]
11: [1, 0, 1]
12: [0, 0, 1]
13: [1, 1, 0]
14: [0, 1, 1]
15: [1, 0, 0]
16: [0, 0, 1]
17: [1, 1, 1]
18: [0, 1, 1]
19: [0, 1, 1]
20: [1, 1, 0]
21: [0, 1, 1]
22: [0, 1, 1]
23: [0, 1, 1]
24: [1, 1, 1]
25: [1, 0, 0]
26: [0, 0, 1]
27: [1, 0, 0]
28: [0, 1, 1]
29: [0, 0, 1]
30: [0, 1, 1]
31: [1, 1, 1]
32: [1, 0, 0]
33: [0, 1, 0]
35: [0, 0, 1]
36: [1, 1, 0]
37: [0, 1, 1]
38: [1, 1, 0]
39: [1, 0, 1]
40: [0, 1, 1]
41: [1, 1, 1]
42: [1, 1, 1]
43: [1, 1, 0]
44: [1, 1, 1]
45: [1, 1, 0]
46: [1, 1, 0]
47: [1, 0, 0]
48: [1, 1, 0]
49: [0, 1, 0]
50: [1, 0, 1]
51: [0, 1, 1]
52: [1, 1, 1]
53: [1, 1, 0]
54: [0, 1, 0]
55: [0, 1, 1]
56: [0, 1, 0]
57: [0, 1, 0]
58: [0, 1, 1]
59: [0, 1, 1]
60: [1, 0, 1]
61: [1, 1, 0]
62: [1, 0, 1]
63: [1, 1, 1]
64: [0, 1, 1]
65: [1, 0, 1]
66: [1, 1, 0]
67: [0, 0, 1]
68: [1, 1, 0]
69: [1, 1, 1]
70: [0, 0, 1]
71: [0, 0, 1]
72: [1, 0, 1]
74: [0, 0, 1]
75: [0, 0, 1]
76: [0, 1, 1]
77: [1, 1, 1]
79: [1, 1, 1]
80: [0, 1, 0]
82: [0, 1, 0]
83: [1, 1, 0]
84: [0, 1, 0]
85: [1, 0, 1]
86: [1, 1, 1]
88: [0, 1, 1]
89: [0, 0, 1]
90: [1, 0, 1]
Clausulas no satisfechas: 
34: [0, 0, 0]
73: [0, 0, 0]
78: [0, 0, 0]
81: [0, 0, 0]
87: [0, 0, 0]
Clausula random a cambiar :  78. Elemento a cambiar: 3
Bit Stream a Cambiar: 7 	
Bit Stream antes de cambio: [0, 1, 1, 1, 1, 1, 0, 1, 1, 1, 0, 0, 1, 0, 1, 0, 0, 1, 0, 1]	
Bit Stream Modificado:      [0, 1, 1, 1, 1, 1, 1, 1, 1, 1, 0, 0, 1, 0, 1, 0, 0, 1, 0, 1]
Intento numero: [ 23 ]
------------------
Clausulas satisfechas: 
0: [1, 1, 0]
1: [0, 1, 0]
2: [0, 1, 1]
3: [0, 1, 0]
4: [1, 1, 0]
5: [0, 1, 0]
6: [1, 1, 1]
7: [1, 1, 1]
8: [1, 1, 0]
9: [0, 1, 1]
10: [0, 1, 1]
11: [1, 0, 1]
12: [0, 0, 1]
13: [1, 1, 0]
14: [0, 1, 1]
15: [1, 0, 0]
16: [0, 0, 1]
17: [1, 1, 1]
18: [1, 1, 1]
19: [0, 1, 1]
20: [1, 1, 0]
21: [0, 1, 1]
22: [1, 1, 1]
23: [0, 1, 1]
24: [1, 1, 1]
25: [1, 0, 0]
26: [0, 0, 1]
27: [1, 0, 0]
28: [0, 1, 1]
29: [0, 0, 1]
30: [0, 1, 1]
31: [1, 1, 0]
32: [1, 0, 0]
33: [0, 1, 0]
35: [0, 0, 1]
36: [1, 1, 0]
37: [0, 1, 1]
38: [1, 1, 0]
39: [1, 0, 1]
40: [0, 1, 1]
41: [1, 1, 0]
42: [1, 1, 1]
43: [1, 1, 0]
44: [1, 1, 1]
45: [1, 1, 0]
46: [1, 1, 0]
47: [1, 0, 0]
48: [1, 1, 0]
49: [0, 1, 0]
50: [1, 0, 1]
51: [0, 1, 0]
52: [1, 1, 1]
53: [1, 1, 0]
54: [0, 1, 0]
55: [0, 1, 1]
56: [0, 1, 0]
57: [0, 1, 0]
58: [0, 1, 1]
59: [1, 1, 1]
60: [1, 0, 1]
61: [1, 0, 0]
62: [1, 1, 1]
63: [1, 1, 1]
64: [0, 1, 1]
65: [1, 0, 1]
66: [1, 1, 0]
67: [0, 0, 1]
68: [1, 1, 0]
69: [1, 1, 1]
70: [0, 0, 1]
71: [0, 0, 1]
72: [1, 0, 1]
74: [0, 0, 1]
75: [0, 0, 1]
76: [0, 1, 1]
77: [1, 1, 1]
78: [0, 0, 1]
79: [0, 1, 1]
80: [0, 1, 0]
82: [1, 1, 0]
83: [1, 1, 0]
84: [0, 1, 0]
85: [1, 0, 1]
86: [1, 1, 1]
88: [0, 1, 1]
89: [0, 0, 1]
90: [1, 0, 1]
Clausulas no satisfechas: 
34: [0, 0, 0]
73: [0, 0, 0]
81: [0, 0, 0]
87: [0, 0, 0]
Clausula random a cambiar :  81. Elemento a cambiar: 2
Bit Stream a Cambiar: 4 	
Bit Stream antes de cambio: [0, 1, 1, 1, 1, 1, 1, 1, 1, 1, 0, 0, 1, 0, 1, 0, 0, 1, 0, 1]	
Bit Stream Modificado:      [0, 1, 1, 0, 1, 1, 1, 1, 1, 1, 0, 0, 1, 0, 1, 0, 0, 1, 0, 1]
Intento numero: [ 24 ]
------------------
Clausulas satisfechas: 
0: [1, 1, 0]
1: [0, 1, 0]
2: [0, 1, 1]
3: [1, 1, 0]
4: [1, 1, 0]
5: [0, 1, 0]
6: [1, 0, 1]
7: [1, 1, 1]
8: [1, 1, 0]
9: [0, 1, 1]
10: [0, 1, 1]
11: [1, 0, 1]
12: [0, 0, 1]
13: [1, 1, 0]
14: [0, 1, 1]
15: [1, 0, 0]
16: [0, 0, 1]
17: [1, 1, 1]
18: [1, 1, 1]
19: [0, 1, 1]
20: [0, 1, 0]
21: [0, 1, 1]
22: [1, 1, 1]
23: [0, 1, 1]
24: [0, 1, 1]
25: [1, 0, 0]
26: [0, 0, 1]
27: [1, 0, 0]
28: [0, 1, 1]
29: [0, 0, 1]
30: [0, 1, 1]
31: [1, 1, 0]
32: [1, 0, 0]
33: [0, 1, 0]
35: [0, 0, 1]
36: [1, 1, 0]
37: [0, 1, 1]
38: [1, 1, 0]
39: [0, 0, 1]
40: [0, 1, 1]
41: [1, 1, 0]
42: [1, 1, 1]
43: [1, 1, 0]
44: [1, 1, 1]
45: [1, 1, 0]
46: [1, 1, 0]
47: [1, 0, 1]
48: [1, 1, 0]
49: [0, 1, 0]
50: [1, 0, 1]
51: [0, 1, 0]
52: [1, 1, 1]
53: [1, 1, 0]
54: [0, 1, 0]
55: [0, 1, 1]
56: [0, 1, 0]
57: [0, 1, 0]
58: [1, 1, 1]
59: [1, 1, 1]
60: [1, 0, 1]
61: [1, 0, 0]
62: [1, 1, 1]
63: [1, 1, 1]
64: [0, 1, 1]
65: [1, 0, 1]
66: [1, 1, 1]
67: [0, 0, 1]
68: [1, 1, 0]
69: [1, 1, 1]
70: [0, 0, 1]
71: [0, 0, 1]
72: [1, 0, 1]
74: [0, 0, 1]
75: [0, 0, 1]
76: [0, 1, 1]
77: [1, 1, 1]
78: [0, 0, 1]
79: [0, 1, 1]
80: [0, 1, 0]
81: [0, 1, 0]
82: [1, 1, 0]
83: [1, 1, 0]
84: [0, 1, 0]
85: [1, 0, 1]
86: [1, 1, 1]
88: [0, 1, 1]
89: [0, 0, 1]
90: [1, 0, 1]
Clausulas no satisfechas: 
34: [0, 0, 0]
73: [0, 0, 0]
87: [0, 0, 0]
Clausula random a cambiar :  73. Elemento a cambiar: 2
Bit Stream a Cambiar: 10 	
Bit Stream antes de cambio: [0, 1, 1, 0, 1, 1, 1, 1, 1, 1, 0, 0, 1, 0, 1, 0, 0, 1, 0, 1]	
Bit Stream Modificado:      [0, 1, 1, 0, 1, 1, 1, 1, 1, 0, 0, 0, 1, 0, 1, 0, 0, 1, 0, 1]
Intento numero: [ 25 ]
------------------
Clausulas satisfechas: 
0: [1, 1, 0]
1: [0, 1, 0]
2: [0, 1, 1]
3: [1, 1, 0]
4: [1, 1, 0]
5: [0, 1, 0]
6: [1, 0, 1]
7: [1, 1, 1]
8: [1, 1, 0]
9: [0, 1, 1]
10: [0, 1, 1]
11: [1, 0, 1]
12: [0, 0, 1]
13: [1, 1, 0]
14: [0, 1, 1]
15: [1, 0, 0]
16: [0, 0, 1]
17: [1, 1, 1]
18: [1, 1, 1]
19: [0, 1, 1]
21: [0, 1, 1]
22: [1, 0, 1]
23: [0, 1, 1]
24: [0, 1, 1]
25: [1, 0, 0]
26: [0, 0, 1]
27: [1, 0, 0]
28: [0, 1, 1]
29: [0, 0, 1]
30: [0, 1, 1]
31: [1, 1, 0]
32: [1, 0, 0]
33: [0, 1, 0]
35: [0, 0, 1]
36: [1, 1, 0]
37: [0, 1, 1]
38: [1, 1, 0]
39: [0, 0, 1]
40: [0, 1, 1]
41: [1, 1, 0]
42: [0, 1, 1]
43: [1, 1, 0]
44: [1, 1, 0]
45: [1, 1, 0]
46: [1, 1, 0]
47: [1, 0, 1]
48: [1, 1, 0]
49: [0, 1, 0]
50: [1, 0, 1]
51: [0, 1, 0]
52: [1, 1, 1]
53: [1, 1, 1]
54: [0, 1, 0]
55: [0, 1, 1]
56: [0, 1, 0]
57: [0, 1, 0]
58: [1, 1, 1]
59: [1, 1, 1]
60: [1, 0, 1]
61: [1, 0, 0]
62: [1, 1, 1]
63: [1, 1, 0]
64: [0, 1, 1]
65: [1, 0, 1]
66: [1, 1, 1]
67: [0, 0, 1]
68: [1, 1, 0]
69: [1, 1, 1]
70: [0, 0, 1]
71: [0, 0, 1]
72: [1, 0, 1]
73: [0, 1, 0]
74: [0, 0, 1]
75: [0, 0, 1]
76: [0, 1, 1]
77: [1, 1, 1]
78: [0, 0, 1]
79: [0, 1, 1]
81: [0, 1, 0]
82: [1, 0, 0]
83: [1, 1, 0]
84: [0, 1, 0]
85: [0, 0, 1]
86: [1, 1, 0]
88: [0, 1, 1]
89: [0, 0, 1]
90: [1, 0, 1]
Clausulas no satisfechas: 
20: [0, 0, 0]
34: [0, 0, 0]
80: [0, 0, 0]
87: [0, 0, 0]
Clausula random a cambiar :  20. Elemento a cambiar: 2
Bit Stream a Cambiar: 10 	
Bit Stream antes de cambio: [0, 1, 1, 0, 1, 1, 1, 1, 1, 0, 0, 0, 1, 0, 1, 0, 0, 1, 0, 1]	
Bit Stream Modificado:      [0, 1, 1, 0, 1, 1, 1, 1, 1, 1, 0, 0, 1, 0, 1, 0, 0, 1, 0, 1]
Intento numero: [ 26 ]
------------------
Clausulas satisfechas: 
0: [1, 1, 0]
1: [0, 1, 0]
2: [0, 1, 1]
3: [1, 1, 0]
4: [1, 1, 0]
5: [0, 1, 0]
6: [1, 0, 1]
7: [1, 1, 1]
8: [1, 1, 0]
9: [0, 1, 1]
10: [0, 1, 1]
11: [1, 0, 1]
12: [0, 0, 1]
13: [1, 1, 0]
14: [0, 1, 1]
15: [1, 0, 0]
16: [0, 0, 1]
17: [1, 1, 1]
18: [1, 1, 1]
19: [0, 1, 1]
20: [0, 1, 0]
21: [0, 1, 1]
22: [1, 1, 1]
23: [0, 1, 1]
24: [0, 1, 1]
25: [1, 0, 0]
26: [0, 0, 1]
27: [1, 0, 0]
28: [0, 1, 1]
29: [0, 0, 1]
30: [0, 1, 1]
31: [1, 1, 0]
32: [1, 0, 0]
33: [0, 1, 0]
35: [0, 0, 1]
36: [1, 1, 0]
37: [0, 1, 1]
38: [1, 1, 0]
39: [0, 0, 1]
40: [0, 1, 1]
41: [1, 1, 0]
42: [1, 1, 1]
43: [1, 1, 0]
44: [1, 1, 1]
45: [1, 1, 0]
46: [1, 1, 0]
47: [1, 0, 1]
48: [1, 1, 0]
49: [0, 1, 0]
50: [1, 0, 1]
51: [0, 1, 0]
52: [1, 1, 1]
53: [1, 1, 0]
54: [0, 1, 0]
55: [0, 1, 1]
56: [0, 1, 0]
57: [0, 1, 0]
58: [1, 1, 1]
59: [1, 1, 1]
60: [1, 0, 1]
61: [1, 0, 0]
62: [1, 1, 1]
63: [1, 1, 1]
64: [0, 1, 1]
65: [1, 0, 1]
66: [1, 1, 1]
67: [0, 0, 1]
68: [1, 1, 0]
69: [1, 1, 1]
70: [0, 0, 1]
71: [0, 0, 1]
72: [1, 0, 1]
74: [0, 0, 1]
75: [0, 0, 1]
76: [0, 1, 1]
77: [1, 1, 1]
78: [0, 0, 1]
79: [0, 1, 1]
80: [0, 1, 0]
81: [0, 1, 0]
82: [1, 1, 0]
83: [1, 1, 0]
84: [0, 1, 0]
85: [1, 0, 1]
86: [1, 1, 1]
88: [0, 1, 1]
89: [0, 0, 1]
90: [1, 0, 1]
Clausulas no satisfechas: 
34: [0, 0, 0]
73: [0, 0, 0]
87: [0, 0, 0]
Clausula random a cambiar :  87. Elemento a cambiar: 3
Bit Stream a Cambiar: 13 	
Bit Stream antes de cambio: [0, 1, 1, 0, 1, 1, 1, 1, 1, 1, 0, 0, 1, 0, 1, 0, 0, 1, 0, 1]	
Bit Stream Modificado:      [0, 1, 1, 0, 1, 1, 1, 1, 1, 1, 0, 0, 0, 0, 1, 0, 0, 1, 0, 1]
Intento numero: [ 27 ]
------------------
Clausulas satisfechas: 
0: [1, 1, 0]
1: [0, 1, 0]
2: [1, 1, 1]
3: [1, 1, 0]
4: [1, 1, 0]
5: [0, 1, 0]
6: [1, 0, 1]
7: [1, 1, 1]
8: [1, 1, 0]
9: [0, 1, 1]
10: [0, 1, 1]
11: [1, 0, 1]
12: [0, 0, 1]
13: [1, 1, 0]
14: [0, 1, 1]
15: [1, 0, 0]
16: [0, 0, 1]
17: [1, 1, 1]
18: [1, 1, 1]
19: [0, 1, 1]
20: [0, 1, 0]
21: [0, 1, 1]
22: [1, 1, 1]
23: [0, 1, 1]
24: [0, 1, 0]
25: [1, 0, 1]
26: [0, 0, 1]
27: [1, 0, 0]
28: [0, 1, 1]
29: [0, 1, 1]
30: [0, 1, 0]
31: [1, 1, 0]
32: [1, 0, 0]
34: [0, 1, 0]
35: [0, 0, 1]
36: [1, 1, 0]
37: [0, 1, 1]
38: [1, 1, 0]
39: [0, 0, 1]
40: [0, 1, 1]
41: [1, 1, 0]
42: [1, 0, 1]
43: [1, 1, 0]
44: [1, 1, 1]
45: [1, 1, 0]
46: [1, 1, 0]
47: [1, 0, 1]
48: [1, 0, 0]
49: [0, 1, 0]
50: [1, 0, 0]
51: [0, 1, 0]
52: [1, 1, 1]
53: [1, 0, 0]
54: [0, 1, 0]
55: [0, 1, 1]
56: [0, 1, 0]
57: [0, 1, 0]
58: [1, 1, 1]
59: [1, 1, 1]
60: [0, 0, 1]
61: [1, 0, 0]
62: [1, 1, 1]
63: [1, 1, 1]
64: [0, 1, 1]
65: [1, 0, 1]
66: [1, 1, 1]
67: [0, 0, 1]
68: [1, 1, 0]
69: [1, 1, 1]
70: [0, 0, 1]
71: [0, 0, 1]
72: [1, 0, 1]
74: [0, 0, 1]
76: [0, 1, 0]
77: [1, 1, 1]
78: [0, 0, 1]
79: [0, 1, 1]
80: [0, 1, 0]
81: [0, 1, 0]
82: [1, 1, 0]
83: [1, 1, 0]
84: [1, 1, 0]
85: [1, 0, 1]
86: [1, 1, 1]
87: [0, 0, 1]
88: [0, 1, 1]
89: [0, 0, 1]
90: [1, 0, 1]
Clausulas no satisfechas: 
33: [0, 0, 0]
73: [0, 0, 0]
75: [0, 0, 0]
Clausula random a cambiar :  73. Elemento a cambiar: 2
Bit Stream a Cambiar: 10 	
Bit Stream antes de cambio: [0, 1, 1, 0, 1, 1, 1, 1, 1, 1, 0, 0, 0, 0, 1, 0, 0, 1, 0, 1]	
Bit Stream Modificado:      [0, 1, 1, 0, 1, 1, 1, 1, 1, 0, 0, 0, 0, 0, 1, 0, 0, 1, 0, 1]
Intento numero: [ 28 ]
------------------
Clausulas satisfechas: 
0: [1, 1, 0]
1: [0, 1, 0]
2: [1, 1, 1]
3: [1, 1, 0]
4: [1, 1, 0]
5: [0, 1, 0]
6: [1, 0, 1]
7: [1, 1, 1]
8: [1, 1, 0]
9: [0, 1, 1]
10: [0, 1, 1]
11: [1, 0, 1]
12: [0, 0, 1]
13: [1, 1, 0]
14: [0, 1, 1]
15: [1, 0, 0]
16: [0, 0, 1]
17: [1, 1, 1]
18: [1, 1, 1]
19: [0, 1, 1]
21: [0, 1, 1]
22: [1, 0, 1]
23: [0, 1, 1]
24: [0, 1, 0]
25: [1, 0, 1]
26: [0, 0, 1]
27: [1, 0, 0]
28: [0, 1, 1]
29: [0, 1, 1]
30: [0, 1, 0]
31: [1, 1, 0]
32: [1, 0, 0]
34: [0, 1, 0]
35: [0, 0, 1]
36: [1, 1, 0]
37: [0, 1, 1]
38: [1, 1, 0]
39: [0, 0, 1]
40: [0, 1, 1]
41: [1, 1, 0]
42: [0, 0, 1]
43: [1, 1, 0]
44: [1, 1, 0]
45: [1, 1, 0]
46: [1, 1, 0]
47: [1, 0, 1]
48: [1, 0, 0]
49: [0, 1, 0]
50: [1, 0, 0]
51: [0, 1, 0]
52: [1, 1, 1]
53: [1, 0, 1]
54: [0, 1, 0]
55: [0, 1, 1]
56: [0, 1, 0]
57: [0, 1, 0]
58: [1, 1, 1]
59: [1, 1, 1]
60: [0, 0, 1]
61: [1, 0, 0]
62: [1, 1, 1]
63: [1, 1, 0]
64: [0, 1, 1]
65: [1, 0, 1]
66: [1, 1, 1]
67: [0, 0, 1]
68: [1, 1, 0]
69: [1, 1, 1]
70: [0, 0, 1]
71: [0, 0, 1]
72: [1, 0, 1]
73: [0, 1, 0]
74: [0, 0, 1]
76: [0, 1, 0]
77: [1, 1, 1]
78: [0, 0, 1]
79: [0, 1, 1]
81: [0, 1, 0]
82: [1, 0, 0]
83: [1, 1, 0]
84: [1, 1, 0]
85: [0, 0, 1]
86: [1, 1, 0]
87: [0, 0, 1]
88: [0, 1, 1]
89: [0, 0, 1]
90: [1, 0, 1]
Clausulas no satisfechas: 
20: [0, 0, 0]
33: [0, 0, 0]
75: [0, 0, 0]
80: [0, 0, 0]
Clausula random a cambiar :  80. Elemento a cambiar: 2
Bit Stream a Cambiar: 10 	
Bit Stream antes de cambio: [0, 1, 1, 0, 1, 1, 1, 1, 1, 0, 0, 0, 0, 0, 1, 0, 0, 1, 0, 1]	
Bit Stream Modificado:      [0, 1, 1, 0, 1, 1, 1, 1, 1, 1, 0, 0, 0, 0, 1, 0, 0, 1, 0, 1]
Intento numero: [ 29 ]
------------------
Clausulas satisfechas: 
0: [1, 1, 0]
1: [0, 1, 0]
2: [1, 1, 1]
3: [1, 1, 0]
4: [1, 1, 0]
5: [0, 1, 0]
6: [1, 0, 1]
7: [1, 1, 1]
8: [1, 1, 0]
9: [0, 1, 1]
10: [0, 1, 1]
11: [1, 0, 1]
12: [0, 0, 1]
13: [1, 1, 0]
14: [0, 1, 1]
15: [1, 0, 0]
16: [0, 0, 1]
17: [1, 1, 1]
18: [1, 1, 1]
19: [0, 1, 1]
20: [0, 1, 0]
21: [0, 1, 1]
22: [1, 1, 1]
23: [0, 1, 1]
24: [0, 1, 0]
25: [1, 0, 1]
26: [0, 0, 1]
27: [1, 0, 0]
28: [0, 1, 1]
29: [0, 1, 1]
30: [0, 1, 0]
31: [1, 1, 0]
32: [1, 0, 0]
34: [0, 1, 0]
35: [0, 0, 1]
36: [1, 1, 0]
37: [0, 1, 1]
38: [1, 1, 0]
39: [0, 0, 1]
40: [0, 1, 1]
41: [1, 1, 0]
42: [1, 0, 1]
43: [1, 1, 0]
44: [1, 1, 1]
45: [1, 1, 0]
46: [1, 1, 0]
47: [1, 0, 1]
48: [1, 0, 0]
49: [0, 1, 0]
50: [1, 0, 0]
51: [0, 1, 0]
52: [1, 1, 1]
53: [1, 0, 0]
54: [0, 1, 0]
55: [0, 1, 1]
56: [0, 1, 0]
57: [0, 1, 0]
58: [1, 1, 1]
59: [1, 1, 1]
60: [0, 0, 1]
61: [1, 0, 0]
62: [1, 1, 1]
63: [1, 1, 1]
64: [0, 1, 1]
65: [1, 0, 1]
66: [1, 1, 1]
67: [0, 0, 1]
68: [1, 1, 0]
69: [1, 1, 1]
70: [0, 0, 1]
71: [0, 0, 1]
72: [1, 0, 1]
74: [0, 0, 1]
76: [0, 1, 0]
77: [1, 1, 1]
78: [0, 0, 1]
79: [0, 1, 1]
80: [0, 1, 0]
81: [0, 1, 0]
82: [1, 1, 0]
83: [1, 1, 0]
84: [1, 1, 0]
85: [1, 0, 1]
86: [1, 1, 1]
87: [0, 0, 1]
88: [0, 1, 1]
89: [0, 0, 1]
90: [1, 0, 1]
Clausulas no satisfechas: 
33: [0, 0, 0]
73: [0, 0, 0]
75: [0, 0, 0]
Clausula random a cambiar :  75. Elemento a cambiar: 3
Bit Stream a Cambiar: 13 	
Bit Stream antes de cambio: [0, 1, 1, 0, 1, 1, 1, 1, 1, 1, 0, 0, 0, 0, 1, 0, 0, 1, 0, 1]	
Bit Stream Modificado:      [0, 1, 1, 0, 1, 1, 1, 1, 1, 1, 0, 0, 1, 0, 1, 0, 0, 1, 0, 1]
Intento numero: [ 30 ]
------------------
Clausulas satisfechas: 
0: [1, 1, 0]
1: [0, 1, 0]
2: [0, 1, 1]
3: [1, 1, 0]
4: [1, 1, 0]
5: [0, 1, 0]
6: [1, 0, 1]
7: [1, 1, 1]
8: [1, 1, 0]
9: [0, 1, 1]
10: [0, 1, 1]
11: [1, 0, 1]
12: [0, 0, 1]
13: [1, 1, 0]
14: [0, 1, 1]
15: [1, 0, 0]
16: [0, 0, 1]
17: [1, 1, 1]
18: [1, 1, 1]
19: [0, 1, 1]
20: [0, 1, 0]
21: [0, 1, 1]
22: [1, 1, 1]
23: [0, 1, 1]
24: [0, 1, 1]
25: [1, 0, 0]
26: [0, 0, 1]
27: [1, 0, 0]
28: [0, 1, 1]
29: [0, 0, 1]
30: [0, 1, 1]
31: [1, 1, 0]
32: [1, 0, 0]
33: [0, 1, 0]
35: [0, 0, 1]
36: [1, 1, 0]
37: [0, 1, 1]
38: [1, 1, 0]
39: [0, 0, 1]
40: [0, 1, 1]
41: [1, 1, 0]
42: [1, 1, 1]
43: [1, 1, 0]
44: [1, 1, 1]
45: [1, 1, 0]
46: [1, 1, 0]
47: [1, 0, 1]
48: [1, 1, 0]
49: [0, 1, 0]
50: [1, 0, 1]
51: [0, 1, 0]
52: [1, 1, 1]
53: [1, 1, 0]
54: [0, 1, 0]
55: [0, 1, 1]
56: [0, 1, 0]
57: [0, 1, 0]
58: [1, 1, 1]
59: [1, 1, 1]
60: [1, 0, 1]
61: [1, 0, 0]
62: [1, 1, 1]
63: [1, 1, 1]
64: [0, 1, 1]
65: [1, 0, 1]
66: [1, 1, 1]
67: [0, 0, 1]
68: [1, 1, 0]
69: [1, 1, 1]
70: [0, 0, 1]
71: [0, 0, 1]
72: [1, 0, 1]
74: [0, 0, 1]
75: [0, 0, 1]
76: [0, 1, 1]
77: [1, 1, 1]
78: [0, 0, 1]
79: [0, 1, 1]
80: [0, 1, 0]
81: [0, 1, 0]
82: [1, 1, 0]
83: [1, 1, 0]
84: [0, 1, 0]
85: [1, 0, 1]
86: [1, 1, 1]
88: [0, 1, 1]
89: [0, 0, 1]
90: [1, 0, 1]
Clausulas no satisfechas: 
34: [0, 0, 0]
73: [0, 0, 0]
87: [0, 0, 0]
Clausula random a cambiar :  34. Elemento a cambiar: 3
Bit Stream a Cambiar: 16 	
Bit Stream antes de cambio: [0, 1, 1, 0, 1, 1, 1, 1, 1, 1, 0, 0, 1, 0, 1, 0, 0, 1, 0, 1]	
Bit Stream Modificado:      [0, 1, 1, 0, 1, 1, 1, 1, 1, 1, 0, 0, 1, 0, 1, 1, 0, 1, 0, 1]
Intento numero: [ 31 ]
------------------
Clausulas satisfechas: 
0: [1, 1, 0]
1: [0, 1, 0]
2: [0, 1, 1]
3: [1, 0, 0]
4: [1, 1, 0]
5: [0, 1, 0]
6: [1, 0, 1]
7: [1, 0, 1]
8: [1, 0, 0]
9: [0, 1, 1]
10: [0, 1, 1]
11: [1, 0, 1]
12: [0, 0, 1]
13: [1, 1, 0]
14: [0, 1, 1]
15: [1, 0, 0]
16: [0, 0, 1]
17: [1, 1, 1]
18: [1, 1, 1]
19: [0, 1, 1]
20: [0, 1, 0]
21: [0, 1, 1]
22: [1, 1, 1]
23: [0, 0, 1]
24: [0, 1, 1]
25: [1, 0, 0]
26: [0, 0, 1]
27: [1, 0, 0]
28: [0, 1, 1]
29: [0, 0, 1]
30: [0, 1, 1]
31: [1, 1, 0]
32: [1, 1, 0]
33: [0, 1, 0]
34: [0, 0, 1]
36: [1, 1, 0]
37: [0, 1, 1]
38: [1, 1, 0]
39: [0, 0, 1]
40: [0, 1, 1]
41: [1, 1, 0]
42: [1, 1, 1]
43: [1, 1, 0]
44: [1, 1, 1]
45: [1, 1, 1]
46: [1, 1, 0]
47: [1, 0, 1]
48: [1, 1, 0]
49: [0, 1, 0]
50: [1, 0, 1]
51: [0, 1, 0]
52: [1, 1, 1]
53: [1, 1, 0]
54: [0, 1, 0]
55: [0, 1, 1]
56: [0, 1, 0]
57: [0, 1, 0]
58: [1, 1, 1]
59: [1, 1, 1]
60: [1, 0, 1]
61: [1, 0, 0]
62: [1, 1, 1]
63: [1, 1, 1]
64: [0, 1, 1]
65: [1, 0, 1]
66: [1, 1, 1]
67: [0, 0, 1]
68: [1, 1, 0]
69: [1, 1, 1]
70: [0, 0, 1]
71: [0, 0, 1]
72: [1, 0, 1]
74: [0, 0, 1]
75: [0, 0, 1]
76: [0, 1, 1]
77: [0, 1, 1]
78: [0, 0, 1]
79: [0, 1, 1]
80: [0, 1, 0]
81: [0, 1, 0]
82: [1, 1, 0]
83: [1, 1, 0]
84: [0, 1, 0]
85: [1, 0, 1]
86: [1, 1, 1]
88: [0, 1, 1]
89: [1, 0, 1]
90: [1, 0, 1]
Clausulas no satisfechas: 
35: [0, 0, 0]
73: [0, 0, 0]
87: [0, 0, 0]
Clausula random a cambiar :  35. Elemento a cambiar: 1
Bit Stream a Cambiar: 18 	
Bit Stream antes de cambio: [0, 1, 1, 0, 1, 1, 1, 1, 1, 1, 0, 0, 1, 0, 1, 1, 0, 1, 0, 1]	
Bit Stream Modificado:      [0, 1, 1, 0, 1, 1, 1, 1, 1, 1, 0, 0, 1, 0, 1, 1, 0, 0, 0, 1]
Intento numero: [ 32 ]
------------------
Clausulas satisfechas: 
0: [1, 1, 0]
1: [0, 1, 1]
2: [0, 1, 1]
3: [1, 0, 0]
4: [1, 1, 0]
5: [0, 1, 0]
6: [1, 0, 0]
7: [1, 0, 1]
8: [1, 0, 0]
9: [0, 1, 1]
10: [0, 1, 1]
11: [1, 0, 1]
12: [0, 1, 1]
13: [1, 1, 0]
14: [0, 1, 1]
15: [1, 0, 0]
16: [0, 0, 1]
17: [1, 0, 1]
18: [1, 1, 1]
19: [0, 1, 1]
20: [0, 1, 0]
21: [0, 1, 0]
22: [1, 1, 1]
23: [0, 0, 1]
24: [0, 0, 1]
25: [1, 0, 0]
26: [0, 0, 1]
27: [1, 0, 0]
28: [0, 1, 1]
29: [0, 0, 1]
30: [0, 1, 1]
31: [1, 1, 0]
32: [1, 1, 0]
33: [0, 1, 0]
34: [1, 0, 1]
35: [1, 0, 0]
36: [0, 1, 0]
37: [0, 1, 1]
38: [1, 1, 0]
39: [0, 0, 1]
40: [0, 1, 1]
41: [1, 1, 0]
42: [1, 1, 1]
43: [1, 1, 0]
44: [1, 1, 1]
45: [1, 1, 1]
46: [0, 1, 0]
47: [0, 0, 1]
48: [1, 1, 0]
49: [0, 1, 0]
50: [1, 0, 1]
51: [0, 1, 0]
52: [1, 1, 1]
53: [1, 1, 0]
54: [0, 1, 0]
55: [0, 0, 1]
56: [0, 1, 0]
57: [1, 1, 0]
58: [1, 1, 1]
59: [1, 1, 1]
60: [1, 0, 1]
61: [1, 0, 0]
62: [1, 1, 1]
63: [1, 1, 1]
64: [0, 1, 1]
65: [1, 0, 1]
66: [1, 1, 1]
67: [1, 0, 1]
68: [1, 0, 0]
69: [1, 1, 1]
70: [0, 0, 1]
71: [0, 0, 1]
72: [1, 0, 1]
74: [0, 0, 1]
75: [0, 0, 1]
76: [0, 1, 1]
77: [0, 1, 1]
78: [0, 0, 1]
79: [0, 1, 1]
80: [1, 1, 0]
81: [0, 1, 0]
82: [1, 1, 0]
83: [1, 1, 0]
84: [0, 1, 0]
85: [1, 0, 1]
86: [1, 1, 1]
88: [0, 1, 1]
89: [1, 0, 1]
90: [1, 0, 1]
Clausulas no satisfechas: 
73: [0, 0, 0]
87: [0, 0, 0]
Clausula random a cambiar :  73. Elemento a cambiar: 2
Bit Stream a Cambiar: 10 	
Bit Stream antes de cambio: [0, 1, 1, 0, 1, 1, 1, 1, 1, 1, 0, 0, 1, 0, 1, 1, 0, 0, 0, 1]	
Bit Stream Modificado:      [0, 1, 1, 0, 1, 1, 1, 1, 1, 0, 0, 0, 1, 0, 1, 1, 0, 0, 0, 1]
Intento numero: [ 33 ]
------------------
Clausulas satisfechas: 
0: [1, 1, 0]
1: [0, 1, 1]
2: [0, 1, 1]
3: [1, 0, 0]
4: [1, 1, 0]
5: [0, 1, 0]
6: [1, 0, 0]
7: [1, 0, 1]
8: [1, 0, 0]
9: [0, 1, 1]
10: [0, 1, 1]
11: [1, 0, 1]
12: [0, 1, 1]
13: [1, 1, 0]
14: [0, 1, 1]
15: [1, 0, 0]
16: [0, 0, 1]
17: [1, 0, 1]
18: [1, 1, 1]
19: [0, 1, 1]
21: [0, 1, 0]
22: [1, 0, 1]
23: [0, 0, 1]
24: [0, 0, 1]
25: [1, 0, 0]
26: [0, 0, 1]
27: [1, 0, 0]
28: [0, 1, 1]
29: [0, 0, 1]
30: [0, 1, 1]
31: [1, 1, 0]
32: [1, 1, 0]
33: [0, 1, 0]
34: [1, 0, 1]
35: [1, 0, 0]
36: [0, 1, 0]
37: [0, 1, 1]
38: [1, 1, 0]
39: [0, 0, 1]
40: [0, 1, 1]
41: [1, 1, 0]
42: [0, 1, 1]
43: [1, 1, 0]
44: [1, 1, 0]
45: [1, 1, 1]
46: [0, 1, 0]
47: [0, 0, 1]
48: [1, 1, 0]
49: [0, 1, 0]
50: [1, 0, 1]
51: [0, 1, 0]
52: [1, 1, 1]
53: [1, 1, 1]
54: [0, 1, 0]
55: [0, 0, 1]
56: [0, 1, 0]
57: [1, 1, 0]
58: [1, 1, 1]
59: [1, 1, 1]
60: [1, 0, 1]
61: [1, 0, 0]
62: [1, 1, 1]
63: [1, 1, 0]
64: [0, 1, 1]
65: [1, 0, 1]
66: [1, 1, 1]
67: [1, 0, 1]
68: [1, 0, 0]
69: [1, 1, 1]
70: [0, 0, 1]
71: [0, 0, 1]
72: [1, 0, 1]
73: [0, 1, 0]
74: [0, 0, 1]
75: [0, 0, 1]
76: [0, 1, 1]
77: [0, 1, 1]
78: [0, 0, 1]
79: [0, 1, 1]
80: [1, 0, 0]
81: [0, 1, 0]
82: [1, 0, 0]
83: [1, 1, 0]
84: [0, 1, 0]
85: [0, 0, 1]
86: [1, 1, 0]
88: [0, 1, 1]
89: [1, 0, 1]
90: [1, 0, 1]
Clausulas no satisfechas: 
20: [0, 0, 0]
87: [0, 0, 0]
Clausula random a cambiar :  87. Elemento a cambiar: 2
Bit Stream a Cambiar: 1 	
Bit Stream antes de cambio: [0, 1, 1, 0, 1, 1, 1, 1, 1, 0, 0, 0, 1, 0, 1, 1, 0, 0, 0, 1]	
Bit Stream Modificado:      [1, 1, 1, 0, 1, 1, 1, 1, 1, 0, 0, 0, 1, 0, 1, 1, 0, 0, 0, 1]
Intento numero: [ 34 ]
------------------
Clausulas satisfechas: 
0: [1, 1, 0]
1: [0, 1, 1]
2: [0, 1, 1]
3: [1, 0, 0]
4: [1, 1, 0]
5: [0, 1, 0]
6: [1, 0, 0]
7: [1, 0, 1]
9: [0, 1, 1]
10: [0, 1, 1]
11: [1, 0, 1]
12: [0, 1, 1]
13: [1, 1, 0]
14: [0, 1, 1]
16: [0, 0, 1]
17: [1, 0, 0]
18: [1, 1, 1]
19: [1, 1, 1]
21: [0, 1, 0]
22: [1, 0, 1]
23: [0, 0, 1]
24: [0, 0, 1]
25: [1, 0, 0]
26: [0, 0, 1]
27: [1, 0, 0]
28: [0, 1, 1]
29: [0, 0, 1]
30: [0, 1, 1]
31: [1, 1, 0]
32: [1, 1, 0]
33: [0, 1, 0]
34: [1, 0, 1]
35: [1, 1, 0]
36: [0, 1, 0]
37: [0, 1, 1]
38: [1, 1, 0]
39: [0, 0, 1]
40: [0, 1, 1]
41: [1, 1, 0]
42: [0, 1, 1]
43: [1, 0, 0]
44: [1, 1, 0]
45: [1, 0, 1]
47: [0, 0, 1]
48: [1, 1, 0]
49: [0, 1, 0]
50: [1, 0, 1]
51: [0, 1, 0]
52: [1, 1, 1]
53: [1, 1, 1]
54: [1, 1, 0]
55: [0, 0, 1]
56: [0, 1, 0]
57: [1, 1, 0]
58: [1, 1, 1]
59: [1, 1, 1]
60: [1, 0, 1]
61: [1, 0, 0]
62: [1, 1, 1]
63: [1, 1, 0]
64: [0, 1, 1]
65: [1, 1, 1]
66: [1, 0, 1]
67: [1, 1, 1]
68: [1, 0, 0]
69: [1, 1, 1]
70: [0, 0, 1]
71: [0, 0, 1]
72: [1, 0, 1]
73: [0, 1, 0]
74: [0, 0, 1]
75: [0, 0, 1]
76: [1, 1, 1]
77: [0, 1, 1]
78: [0, 0, 1]
79: [0, 1, 0]
80: [1, 0, 0]
81: [0, 1, 0]
82: [1, 0, 0]
83: [1, 1, 0]
84: [0, 1, 0]
85: [0, 0, 1]
86: [1, 1, 0]
87: [0, 1, 0]
88: [0, 1, 1]
89: [1, 0, 0]
90: [1, 0, 0]
Clausulas no satisfechas: 
8: [0, 0, 0]
15: [0, 0, 0]
20: [0, 0, 0]
46: [0, 0, 0]
Clausula random a cambiar :  15. Elemento a cambiar: 1
Bit Stream a Cambiar: 1 	
Bit Stream antes de cambio: [1, 1, 1, 0, 1, 1, 1, 1, 1, 0, 0, 0, 1, 0, 1, 1, 0, 0, 0, 1]	
Bit Stream Modificado:      [0, 1, 1, 0, 1, 1, 1, 1, 1, 0, 0, 0, 1, 0, 1, 1, 0, 0, 0, 1]
Intento numero: [ 35 ]
------------------
Clausulas satisfechas: 
0: [1, 1, 0]
1: [0, 1, 1]
2: [0, 1, 1]
3: [1, 0, 0]
4: [1, 1, 0]
5: [0, 1, 0]
6: [1, 0, 0]
7: [1, 0, 1]
8: [1, 0, 0]
9: [0, 1, 1]
10: [0, 1, 1]
11: [1, 0, 1]
12: [0, 1, 1]
13: [1, 1, 0]
14: [0, 1, 1]
15: [1, 0, 0]
16: [0, 0, 1]
17: [1, 0, 1]
18: [1, 1, 1]
19: [0, 1, 1]
21: [0, 1, 0]
22: [1, 0, 1]
23: [0, 0, 1]
24: [0, 0, 1]
25: [1, 0, 0]
26: [0, 0, 1]
27: [1, 0, 0]
28: [0, 1, 1]
29: [0, 0, 1]
30: [0, 1, 1]
31: [1, 1, 0]
32: [1, 1, 0]
33: [0, 1, 0]
34: [1, 0, 1]
35: [1, 0, 0]
36: [0, 1, 0]
37: [0, 1, 1]
38: [1, 1, 0]
39: [0, 0, 1]
40: [0, 1, 1]
41: [1, 1, 0]
42: [0, 1, 1]
43: [1, 1, 0]
44: [1, 1, 0]
45: [1, 1, 1]
46: [0, 1, 0]
47: [0, 0, 1]
48: [1, 1, 0]
49: [0, 1, 0]
50: [1, 0, 1]
51: [0, 1, 0]
52: [1, 1, 1]
53: [1, 1, 1]
54: [0, 1, 0]
55: [0, 0, 1]
56: [0, 1, 0]
57: [1, 1, 0]
58: [1, 1, 1]
59: [1, 1, 1]
60: [1, 0, 1]
61: [1, 0, 0]
62: [1, 1, 1]
63: [1, 1, 0]
64: [0, 1, 1]
65: [1, 0, 1]
66: [1, 1, 1]
67: [1, 0, 1]
68: [1, 0, 0]
69: [1, 1, 1]
70: [0, 0, 1]
71: [0, 0, 1]
72: [1, 0, 1]
73: [0, 1, 0]
74: [0, 0, 1]
75: [0, 0, 1]
76: [0, 1, 1]
77: [0, 1, 1]
78: [0, 0, 1]
79: [0, 1, 1]
80: [1, 0, 0]
81: [0, 1, 0]
82: [1, 0, 0]
83: [1, 1, 0]
84: [0, 1, 0]
85: [0, 0, 1]
86: [1, 1, 0]
88: [0, 1, 1]
89: [1, 0, 1]
90: [1, 0, 1]
Clausulas no satisfechas: 
20: [0, 0, 0]
87: [0, 0, 0]
Clausula random a cambiar :  87. Elemento a cambiar: 1
Bit Stream a Cambiar: 12 	
Bit Stream antes de cambio: [0, 1, 1, 0, 1, 1, 1, 1, 1, 0, 0, 0, 1, 0, 1, 1, 0, 0, 0, 1]	
Bit Stream Modificado:      [0, 1, 1, 0, 1, 1, 1, 1, 1, 0, 0, 1, 1, 0, 1, 1, 0, 0, 0, 1]
Intento numero: [ 36 ]
------------------
Clausulas satisfechas: 
0: [1, 1, 1]
1: [0, 1, 1]
2: [0, 1, 1]
3: [1, 0, 1]
4: [1, 1, 0]
5: [0, 1, 0]
6: [1, 0, 0]
7: [1, 0, 1]
8: [1, 0, 0]
9: [0, 1, 1]
10: [0, 1, 1]
11: [1, 0, 1]
12: [0, 1, 1]
13: [1, 1, 0]
14: [1, 1, 1]
15: [1, 0, 0]
16: [0, 0, 1]
17: [1, 0, 1]
18: [1, 1, 1]
19: [0, 1, 1]
20: [0, 0, 1]
21: [0, 1, 0]
22: [1, 0, 1]
23: [0, 0, 1]
24: [0, 0, 1]
25: [1, 0, 0]
26: [0, 0, 1]
27: [1, 0, 0]
28: [0, 1, 1]
29: [0, 0, 1]
30: [0, 1, 1]
31: [1, 1, 0]
32: [1, 1, 0]
33: [0, 1, 0]
34: [1, 0, 1]
35: [1, 0, 0]
36: [0, 1, 0]
37: [0, 1, 1]
38: [1, 1, 0]
39: [0, 1, 1]
40: [0, 1, 1]
41: [1, 1, 0]
42: [0, 1, 1]
43: [1, 1, 0]
44: [1, 1, 0]
45: [1, 1, 1]
46: [0, 1, 1]
47: [0, 0, 1]
48: [1, 1, 0]
50: [1, 0, 1]
51: [1, 1, 0]
52: [1, 1, 1]
53: [1, 1, 1]
54: [0, 1, 0]
55: [0, 0, 1]
56: [0, 1, 0]
57: [1, 1, 0]
58: [1, 1, 1]
59: [1, 1, 1]
60: [1, 0, 0]
62: [1, 1, 1]
63: [1, 1, 0]
64: [0, 1, 0]
65: [1, 0, 1]
66: [1, 1, 1]
67: [1, 0, 1]
68: [1, 0, 0]
69: [1, 1, 1]
70: [0, 0, 1]
71: [0, 1, 1]
72: [1, 0, 1]
73: [0, 1, 0]
74: [0, 0, 1]
75: [0, 0, 1]
76: [0, 1, 1]
77: [0, 1, 1]
78: [0, 0, 1]
79: [0, 1, 1]
80: [1, 0, 0]
81: [1, 1, 0]
82: [1, 0, 0]
83: [1, 1, 0]
84: [0, 1, 0]
85: [0, 0, 1]
86: [1, 1, 0]
87: [1, 0, 0]
88: [0, 1, 1]
89: [1, 0, 1]
90: [1, 0, 1]
Clausulas no satisfechas: 
49: [0, 0, 0]
61: [0, 0, 0]
Clausula random a cambiar :  49. Elemento a cambiar: 2
Bit Stream a Cambiar: 12 	
Bit Stream antes de cambio: [0, 1, 1, 0, 1, 1, 1, 1, 1, 0, 0, 1, 1, 0, 1, 1, 0, 0, 0, 1]	
Bit Stream Modificado:      [0, 1, 1, 0, 1, 1, 1, 1, 1, 0, 0, 0, 1, 0, 1, 1, 0, 0, 0, 1]
Intento numero: [ 37 ]
------------------
Clausulas satisfechas: 
0: [1, 1, 0]
1: [0, 1, 1]
2: [0, 1, 1]
3: [1, 0, 0]
4: [1, 1, 0]
5: [0, 1, 0]
6: [1, 0, 0]
7: [1, 0, 1]
8: [1, 0, 0]
9: [0, 1, 1]
10: [0, 1, 1]
11: [1, 0, 1]
12: [0, 1, 1]
13: [1, 1, 0]
14: [0, 1, 1]
15: [1, 0, 0]
16: [0, 0, 1]
17: [1, 0, 1]
18: [1, 1, 1]
19: [0, 1, 1]
21: [0, 1, 0]
22: [1, 0, 1]
23: [0, 0, 1]
24: [0, 0, 1]
25: [1, 0, 0]
26: [0, 0, 1]
27: [1, 0, 0]
28: [0, 1, 1]
29: [0, 0, 1]
30: [0, 1, 1]
31: [1, 1, 0]
32: [1, 1, 0]
33: [0, 1, 0]
34: [1, 0, 1]
35: [1, 0, 0]
36: [0, 1, 0]
37: [0, 1, 1]
38: [1, 1, 0]
39: [0, 0, 1]
40: [0, 1, 1]
41: [1, 1, 0]
42: [0, 1, 1]
43: [1, 1, 0]
44: [1, 1, 0]
45: [1, 1, 1]
46: [0, 1, 0]
47: [0, 0, 1]
48: [1, 1, 0]
49: [0, 1, 0]
50: [1, 0, 1]
51: [0, 1, 0]
52: [1, 1, 1]
53: [1, 1, 1]
54: [0, 1, 0]
55: [0, 0, 1]
56: [0, 1, 0]
57: [1, 1, 0]
58: [1, 1, 1]
59: [1, 1, 1]
60: [1, 0, 1]
61: [1, 0, 0]
62: [1, 1, 1]
63: [1, 1, 0]
64: [0, 1, 1]
65: [1, 0, 1]
66: [1, 1, 1]
67: [1, 0, 1]
68: [1, 0, 0]
69: [1, 1, 1]
70: [0, 0, 1]
71: [0, 0, 1]
72: [1, 0, 1]
73: [0, 1, 0]
74: [0, 0, 1]
75: [0, 0, 1]
76: [0, 1, 1]
77: [0, 1, 1]
78: [0, 0, 1]
79: [0, 1, 1]
80: [1, 0, 0]
81: [0, 1, 0]
82: [1, 0, 0]
83: [1, 1, 0]
84: [0, 1, 0]
85: [0, 0, 1]
86: [1, 1, 0]
88: [0, 1, 1]
89: [1, 0, 1]
90: [1, 0, 1]
Clausulas no satisfechas: 
20: [0, 0, 0]
87: [0, 0, 0]
Clausula random a cambiar :  20. Elemento a cambiar: 2
Bit Stream a Cambiar: 10 	
Bit Stream antes de cambio: [0, 1, 1, 0, 1, 1, 1, 1, 1, 0, 0, 0, 1, 0, 1, 1, 0, 0, 0, 1]	
Bit Stream Modificado:      [0, 1, 1, 0, 1, 1, 1, 1, 1, 1, 0, 0, 1, 0, 1, 1, 0, 0, 0, 1]
Intento numero: [ 38 ]
------------------
Clausulas satisfechas: 
0: [1, 1, 0]
1: [0, 1, 1]
2: [0, 1, 1]
3: [1, 0, 0]
4: [1, 1, 0]
5: [0, 1, 0]
6: [1, 0, 0]
7: [1, 0, 1]
8: [1, 0, 0]
9: [0, 1, 1]
10: [0, 1, 1]
11: [1, 0, 1]
12: [0, 1, 1]
13: [1, 1, 0]
14: [0, 1, 1]
15: [1, 0, 0]
16: [0, 0, 1]
17: [1, 0, 1]
18: [1, 1, 1]
19: [0, 1, 1]
20: [0, 1, 0]
21: [0, 1, 0]
22: [1, 1, 1]
23: [0, 0, 1]
24: [0, 0, 1]
25: [1, 0, 0]
26: [0, 0, 1]
27: [1, 0, 0]
28: [0, 1, 1]
29: [0, 0, 1]
30: [0, 1, 1]
31: [1, 1, 0]
32: [1, 1, 0]
33: [0, 1, 0]
34: [1, 0, 1]
35: [1, 0, 0]
36: [0, 1, 0]
37: [0, 1, 1]
38: [1, 1, 0]
39: [0, 0, 1]
40: [0, 1, 1]
41: [1, 1, 0]
42: [1, 1, 1]
43: [1, 1, 0]
44: [1, 1, 1]
45: [1, 1, 1]
46: [0, 1, 0]
47: [0, 0, 1]
48: [1, 1, 0]
49: [0, 1, 0]
50: [1, 0, 1]
51: [0, 1, 0]
52: [1, 1, 1]
53: [1, 1, 0]
54: [0, 1, 0]
55: [0, 0, 1]
56: [0, 1, 0]
57: [1, 1, 0]
58: [1, 1, 1]
59: [1, 1, 1]
60: [1, 0, 1]
61: [1, 0, 0]
62: [1, 1, 1]
63: [1, 1, 1]
64: [0, 1, 1]
65: [1, 0, 1]
66: [1, 1, 1]
67: [1, 0, 1]
68: [1, 0, 0]
69: [1, 1, 1]
70: [0, 0, 1]
71: [0, 0, 1]
72: [1, 0, 1]
74: [0, 0, 1]
75: [0, 0, 1]
76: [0, 1, 1]
77: [0, 1, 1]
78: [0, 0, 1]
79: [0, 1, 1]
80: [1, 1, 0]
81: [0, 1, 0]
82: [1, 1, 0]
83: [1, 1, 0]
84: [0, 1, 0]
85: [1, 0, 1]
86: [1, 1, 1]
88: [0, 1, 1]
89: [1, 0, 1]
90: [1, 0, 1]
Clausulas no satisfechas: 
73: [0, 0, 0]
87: [0, 0, 0]
Clausula random a cambiar :  73. Elemento a cambiar: 2
Bit Stream a Cambiar: 10 	
Bit Stream antes de cambio: [0, 1, 1, 0, 1, 1, 1, 1, 1, 1, 0, 0, 1, 0, 1, 1, 0, 0, 0, 1]	
Bit Stream Modificado:      [0, 1, 1, 0, 1, 1, 1, 1, 1, 0, 0, 0, 1, 0, 1, 1, 0, 0, 0, 1]
Intento numero: [ 39 ]
------------------
Clausulas satisfechas: 
0: [1, 1, 0]
1: [0, 1, 1]
2: [0, 1, 1]
3: [1, 0, 0]
4: [1, 1, 0]
5: [0, 1, 0]
6: [1, 0, 0]
7: [1, 0, 1]
8: [1, 0, 0]
9: [0, 1, 1]
10: [0, 1, 1]
11: [1, 0, 1]
12: [0, 1, 1]
13: [1, 1, 0]
14: [0, 1, 1]
15: [1, 0, 0]
16: [0, 0, 1]
17: [1, 0, 1]
18: [1, 1, 1]
19: [0, 1, 1]
21: [0, 1, 0]
22: [1, 0, 1]
23: [0, 0, 1]
24: [0, 0, 1]
25: [1, 0, 0]
26: [0, 0, 1]
27: [1, 0, 0]
28: [0, 1, 1]
29: [0, 0, 1]
30: [0, 1, 1]
31: [1, 1, 0]
32: [1, 1, 0]
33: [0, 1, 0]
34: [1, 0, 1]
35: [1, 0, 0]
36: [0, 1, 0]
37: [0, 1, 1]
38: [1, 1, 0]
39: [0, 0, 1]
40: [0, 1, 1]
41: [1, 1, 0]
42: [0, 1, 1]
43: [1, 1, 0]
44: [1, 1, 0]
45: [1, 1, 1]
46: [0, 1, 0]
47: [0, 0, 1]
48: [1, 1, 0]
49: [0, 1, 0]
50: [1, 0, 1]
51: [0, 1, 0]
52: [1, 1, 1]
53: [1, 1, 1]
54: [0, 1, 0]
55: [0, 0, 1]
56: [0, 1, 0]
57: [1, 1, 0]
58: [1, 1, 1]
59: [1, 1, 1]
60: [1, 0, 1]
61: [1, 0, 0]
62: [1, 1, 1]
63: [1, 1, 0]
64: [0, 1, 1]
65: [1, 0, 1]
66: [1, 1, 1]
67: [1, 0, 1]
68: [1, 0, 0]
69: [1, 1, 1]
70: [0, 0, 1]
71: [0, 0, 1]
72: [1, 0, 1]
73: [0, 1, 0]
74: [0, 0, 1]
75: [0, 0, 1]
76: [0, 1, 1]
77: [0, 1, 1]
78: [0, 0, 1]
79: [0, 1, 1]
80: [1, 0, 0]
81: [0, 1, 0]
82: [1, 0, 0]
83: [1, 1, 0]
84: [0, 1, 0]
85: [0, 0, 1]
86: [1, 1, 0]
88: [0, 1, 1]
89: [1, 0, 1]
90: [1, 0, 1]
Clausulas no satisfechas: 
20: [0, 0, 0]
87: [0, 0, 0]
Clausula random a cambiar :  87. Elemento a cambiar: 1
Bit Stream a Cambiar: 12 	
Bit Stream antes de cambio: [0, 1, 1, 0, 1, 1, 1, 1, 1, 0, 0, 0, 1, 0, 1, 1, 0, 0, 0, 1]	
Bit Stream Modificado:      [0, 1, 1, 0, 1, 1, 1, 1, 1, 0, 0, 1, 1, 0, 1, 1, 0, 0, 0, 1]
Intento numero: [ 40 ]
------------------
Clausulas satisfechas: 
0: [1, 1, 1]
1: [0, 1, 1]
2: [0, 1, 1]
3: [1, 0, 1]
4: [1, 1, 0]
5: [0, 1, 0]
6: [1, 0, 0]
7: [1, 0, 1]
8: [1, 0, 0]
9: [0, 1, 1]
10: [0, 1, 1]
11: [1, 0, 1]
12: [0, 1, 1]
13: [1, 1, 0]
14: [1, 1, 1]
15: [1, 0, 0]
16: [0, 0, 1]
17: [1, 0, 1]
18: [1, 1, 1]
19: [0, 1, 1]
20: [0, 0, 1]
21: [0, 1, 0]
22: [1, 0, 1]
23: [0, 0, 1]
24: [0, 0, 1]
25: [1, 0, 0]
26: [0, 0, 1]
27: [1, 0, 0]
28: [0, 1, 1]
29: [0, 0, 1]
30: [0, 1, 1]
31: [1, 1, 0]
32: [1, 1, 0]
33: [0, 1, 0]
34: [1, 0, 1]
35: [1, 0, 0]
36: [0, 1, 0]
37: [0, 1, 1]
38: [1, 1, 0]
39: [0, 1, 1]
40: [0, 1, 1]
41: [1, 1, 0]
42: [0, 1, 1]
43: [1, 1, 0]
44: [1, 1, 0]
45: [1, 1, 1]
46: [0, 1, 1]
47: [0, 0, 1]
48: [1, 1, 0]
50: [1, 0, 1]
51: [1, 1, 0]
52: [1, 1, 1]
53: [1, 1, 1]
54: [0, 1, 0]
55: [0, 0, 1]
56: [0, 1, 0]
57: [1, 1, 0]
58: [1, 1, 1]
59: [1, 1, 1]
60: [1, 0, 0]
62: [1, 1, 1]
63: [1, 1, 0]
64: [0, 1, 0]
65: [1, 0, 1]
66: [1, 1, 1]
67: [1, 0, 1]
68: [1, 0, 0]
69: [1, 1, 1]
70: [0, 0, 1]
71: [0, 1, 1]
72: [1, 0, 1]
73: [0, 1, 0]
74: [0, 0, 1]
75: [0, 0, 1]
76: [0, 1, 1]
77: [0, 1, 1]
78: [0, 0, 1]
79: [0, 1, 1]
80: [1, 0, 0]
81: [1, 1, 0]
82: [1, 0, 0]
83: [1, 1, 0]
84: [0, 1, 0]
85: [0, 0, 1]
86: [1, 1, 0]
87: [1, 0, 0]
88: [0, 1, 1]
89: [1, 0, 1]
90: [1, 0, 1]
Clausulas no satisfechas: 
49: [0, 0, 0]
61: [0, 0, 0]
Clausula random a cambiar :  61. Elemento a cambiar: 2
Bit Stream a Cambiar: 7 	
Bit Stream antes de cambio: [0, 1, 1, 0, 1, 1, 1, 1, 1, 0, 0, 1, 1, 0, 1, 1, 0, 0, 0, 1]	
Bit Stream Modificado:      [0, 1, 1, 0, 1, 1, 0, 1, 1, 0, 0, 1, 1, 0, 1, 1, 0, 0, 0, 1]
Intento numero: [ 41 ]
------------------
Clausulas satisfechas: 
0: [1, 1, 1]
1: [1, 1, 1]
2: [0, 1, 1]
3: [1, 0, 1]
4: [1, 1, 0]
5: [0, 1, 0]
7: [1, 0, 1]
8: [1, 0, 0]
9: [0, 1, 1]
10: [0, 1, 1]
11: [1, 0, 1]
12: [0, 1, 1]
13: [1, 1, 0]
14: [1, 1, 1]
15: [1, 0, 0]
16: [0, 0, 1]
17: [1, 0, 1]
18: [0, 1, 1]
19: [0, 1, 1]
20: [0, 0, 1]
21: [0, 1, 0]
22: [0, 0, 1]
23: [0, 0, 1]
24: [0, 0, 1]
25: [1, 0, 0]
26: [0, 0, 1]
27: [1, 0, 0]
28: [0, 1, 1]
29: [0, 0, 1]
30: [0, 1, 1]
31: [1, 1, 1]
32: [1, 1, 0]
33: [0, 1, 0]
34: [1, 0, 1]
35: [1, 0, 0]
36: [0, 1, 0]
37: [0, 1, 1]
38: [1, 1, 0]
39: [0, 1, 1]
40: [0, 1, 1]
41: [1, 1, 1]
42: [0, 1, 1]
43: [1, 1, 0]
44: [1, 1, 0]
45: [1, 1, 1]
46: [0, 1, 1]
47: [0, 0, 1]
48: [1, 1, 0]
50: [1, 0, 1]
51: [1, 1, 1]
52: [1, 1, 1]
53: [1, 1, 1]
54: [0, 1, 0]
55: [0, 0, 1]
56: [0, 1, 0]
57: [1, 1, 0]
58: [1, 1, 1]
59: [0, 1, 1]
60: [1, 0, 0]
61: [0, 1, 0]
62: [1, 0, 1]
63: [1, 1, 0]
64: [0, 1, 0]
65: [1, 0, 1]
66: [1, 1, 1]
67: [1, 0, 1]
68: [1, 0, 0]
69: [1, 1, 1]
70: [0, 0, 1]
71: [0, 1, 1]
72: [1, 0, 1]
73: [0, 1, 0]
74: [0, 0, 1]
75: [0, 0, 1]
76: [0, 1, 1]
77: [0, 1, 1]
79: [1, 1, 1]
80: [1, 0, 0]
81: [1, 1, 0]
83: [1, 1, 0]
84: [0, 1, 0]
85: [0, 0, 1]
86: [1, 1, 0]
87: [1, 0, 0]
88: [0, 1, 1]
89: [1, 0, 1]
90: [1, 0, 1]
Clausulas no satisfechas: 
6: [0, 0, 0]
49: [0, 0, 0]
78: [0, 0, 0]
82: [0, 0, 0]
Clausula random a cambiar :  49. Elemento a cambiar: 1
Bit Stream a Cambiar: 19 	
Bit Stream antes de cambio: [0, 1, 1, 0, 1, 1, 0, 1, 1, 0, 0, 1, 1, 0, 1, 1, 0, 0, 0, 1]	
Bit Stream Modificado:      [0, 1, 1, 0, 1, 1, 0, 1, 1, 0, 0, 1, 1, 0, 1, 1, 0, 0, 1, 1]
Intento numero: [ 42 ]
------------------
Clausulas satisfechas: 
0: [1, 1, 1]
1: [1, 1, 1]
2: [0, 1, 1]
3: [1, 0, 1]
4: [1, 1, 0]
7: [0, 0, 1]
8: [1, 0, 0]
9: [0, 1, 1]
10: [0, 1, 1]
11: [1, 0, 1]
12: [1, 1, 1]
13: [1, 1, 0]
14: [1, 1, 1]
15: [1, 0, 0]
16: [0, 0, 1]
17: [1, 0, 1]
18: [0, 1, 1]
19: [0, 1, 1]
20: [0, 0, 1]
21: [0, 1, 0]
22: [0, 0, 1]
23: [0, 0, 1]
24: [0, 0, 1]
25: [1, 0, 0]
26: [0, 0, 1]
27: [1, 0, 1]
28: [0, 1, 0]
29: [0, 0, 1]
30: [0, 1, 1]
31: [1, 1, 1]
32: [1, 1, 0]
33: [0, 1, 0]
34: [1, 0, 1]
35: [1, 0, 0]
36: [0, 1, 0]
37: [0, 1, 1]
38: [1, 0, 0]
39: [0, 1, 1]
40: [1, 1, 1]
41: [1, 1, 1]
42: [0, 1, 1]
43: [1, 1, 0]
44: [1, 1, 0]
45: [1, 1, 1]
46: [0, 1, 1]
47: [0, 0, 1]
48: [1, 1, 0]
49: [1, 0, 0]
50: [1, 0, 1]
51: [1, 1, 1]
52: [1, 1, 0]
53: [1, 1, 1]
54: [0, 1, 0]
55: [0, 0, 1]
56: [0, 1, 0]
57: [1, 1, 0]
58: [1, 0, 1]
59: [0, 1, 1]
60: [1, 1, 0]
61: [0, 1, 0]
62: [1, 0, 0]
63: [1, 1, 0]
64: [0, 1, 0]
65: [1, 0, 1]
66: [1, 1, 1]
67: [1, 0, 1]
68: [1, 0, 0]
69: [1, 1, 1]
70: [0, 0, 1]
71: [0, 1, 1]
72: [1, 0, 1]
73: [0, 1, 0]
74: [0, 0, 1]
75: [0, 0, 1]
76: [0, 1, 1]
77: [0, 1, 1]
78: [0, 1, 0]
79: [1, 1, 1]
80: [1, 0, 0]
81: [1, 1, 0]
82: [0, 0, 1]
83: [1, 1, 1]
84: [0, 1, 0]
85: [0, 0, 1]
86: [1, 1, 0]
87: [1, 0, 0]
88: [0, 1, 1]
89: [1, 0, 1]
90: [1, 0, 1]
Clausulas no satisfechas: 
5: [0, 0, 0]
6: [0, 0, 0]
Clausula random a cambiar :  6. Elemento a cambiar: 3
Bit Stream a Cambiar: 18 	
Bit Stream antes de cambio: [0, 1, 1, 0, 1, 1, 0, 1, 1, 0, 0, 1, 1, 0, 1, 1, 0, 0, 1, 1]	
Bit Stream Modificado:      [0, 1, 1, 0, 1, 1, 0, 1, 1, 0, 0, 1, 1, 0, 1, 1, 0, 1, 1, 1]
Intento numero: [ 43 ]
------------------
Clausulas satisfechas: 
0: [1, 1, 1]
1: [1, 1, 0]
2: [0, 1, 1]
3: [1, 0, 1]
4: [1, 1, 0]
6: [0, 0, 1]
7: [0, 0, 1]
8: [1, 0, 0]
9: [0, 1, 1]
10: [0, 1, 1]
11: [1, 0, 1]
12: [1, 0, 1]
13: [1, 1, 0]
14: [1, 1, 1]
15: [1, 0, 0]
16: [0, 0, 1]
17: [1, 1, 1]
18: [0, 1, 1]
19: [0, 1, 1]
20: [0, 0, 1]
21: [0, 1, 1]
22: [0, 0, 1]
23: [0, 0, 1]
24: [0, 1, 1]
25: [1, 0, 0]
26: [0, 0, 1]
27: [1, 0, 1]
28: [0, 1, 0]
29: [0, 0, 1]
30: [0, 1, 1]
31: [1, 1, 1]
32: [1, 1, 0]
33: [0, 1, 0]
34: [0, 0, 1]
36: [1, 1, 0]
37: [0, 1, 1]
38: [1, 0, 0]
39: [0, 1, 1]
40: [1, 1, 1]
41: [1, 1, 1]
42: [0, 1, 1]
43: [1, 1, 0]
44: [1, 1, 0]
45: [1, 1, 1]
46: [1, 1, 1]
47: [1, 0, 1]
48: [1, 1, 0]
49: [1, 0, 0]
50: [1, 0, 1]
51: [1, 1, 1]
52: [1, 1, 0]
53: [1, 1, 1]
54: [0, 1, 0]
55: [0, 1, 1]
56: [0, 1, 0]
57: [0, 1, 0]
58: [1, 0, 1]
59: [0, 1, 1]
60: [1, 1, 0]
61: [0, 1, 0]
62: [1, 0, 0]
63: [1, 1, 0]
64: [0, 1, 0]
65: [1, 0, 1]
66: [1, 1, 1]
67: [0, 0, 1]
68: [1, 1, 0]
69: [1, 1, 1]
70: [0, 0, 1]
71: [0, 1, 1]
72: [1, 0, 1]
73: [0, 1, 0]
74: [0, 0, 1]
75: [0, 0, 1]
76: [0, 1, 1]
77: [0, 1, 1]
78: [0, 1, 0]
79: [1, 1, 1]
81: [1, 1, 0]
82: [0, 0, 1]
83: [1, 1, 1]
84: [0, 1, 0]
85: [0, 0, 1]
86: [1, 1, 0]
87: [1, 0, 0]
88: [0, 1, 1]
89: [1, 0, 1]
90: [1, 0, 1]
Clausulas no satisfechas: 
5: [0, 0, 0]
35: [0, 0, 0]
80: [0, 0, 0]
Clausula random a cambiar :  80. Elemento a cambiar: 1
Bit Stream a Cambiar: 18 	
Bit Stream antes de cambio: [0, 1, 1, 0, 1, 1, 0, 1, 1, 0, 0, 1, 1, 0, 1, 1, 0, 1, 1, 1]	
Bit Stream Modificado:      [0, 1, 1, 0, 1, 1, 0, 1, 1, 0, 0, 1, 1, 0, 1, 1, 0, 0, 1, 1]
Intento numero: [ 44 ]
------------------
Clausulas satisfechas: 
0: [1, 1, 1]
1: [1, 1, 1]
2: [0, 1, 1]
3: [1, 0, 1]
4: [1, 1, 0]
7: [0, 0, 1]
8: [1, 0, 0]
9: [0, 1, 1]
10: [0, 1, 1]
11: [1, 0, 1]
12: [1, 1, 1]
13: [1, 1, 0]
14: [1, 1, 1]
15: [1, 0, 0]
16: [0, 0, 1]
17: [1, 0, 1]
18: [0, 1, 1]
19: [0, 1, 1]
20: [0, 0, 1]
21: [0, 1, 0]
22: [0, 0, 1]
23: [0, 0, 1]
24: [0, 0, 1]
25: [1, 0, 0]
26: [0, 0, 1]
27: [1, 0, 1]
28: [0, 1, 0]
29: [0, 0, 1]
30: [0, 1, 1]
31: [1, 1, 1]
32: [1, 1, 0]
33: [0, 1, 0]
34: [1, 0, 1]
35: [1, 0, 0]
36: [0, 1, 0]
37: [0, 1, 1]
38: [1, 0, 0]
39: [0, 1, 1]
40: [1, 1, 1]
41: [1, 1, 1]
42: [0, 1, 1]
43: [1, 1, 0]
44: [1, 1, 0]
45: [1, 1, 1]
46: [0, 1, 1]
47: [0, 0, 1]
48: [1, 1, 0]
49: [1, 0, 0]
50: [1, 0, 1]
51: [1, 1, 1]
52: [1, 1, 0]
53: [1, 1, 1]
54: [0, 1, 0]
55: [0, 0, 1]
56: [0, 1, 0]
57: [1, 1, 0]
58: [1, 0, 1]
59: [0, 1, 1]
60: [1, 1, 0]
61: [0, 1, 0]
62: [1, 0, 0]
63: [1, 1, 0]
64: [0, 1, 0]
65: [1, 0, 1]
66: [1, 1, 1]
67: [1, 0, 1]
68: [1, 0, 0]
69: [1, 1, 1]
70: [0, 0, 1]
71: [0, 1, 1]
72: [1, 0, 1]
73: [0, 1, 0]
74: [0, 0, 1]
75: [0, 0, 1]
76: [0, 1, 1]
77: [0, 1, 1]
78: [0, 1, 0]
79: [1, 1, 1]
80: [1, 0, 0]
81: [1, 1, 0]
82: [0, 0, 1]
83: [1, 1, 1]
84: [0, 1, 0]
85: [0, 0, 1]
86: [1, 1, 0]
87: [1, 0, 0]
88: [0, 1, 1]
89: [1, 0, 1]
90: [1, 0, 1]
Clausulas no satisfechas: 
5: [0, 0, 0]
6: [0, 0, 0]
Clausula random a cambiar :  6. Elemento a cambiar: 3
Bit Stream a Cambiar: 18 	
Bit Stream antes de cambio: [0, 1, 1, 0, 1, 1, 0, 1, 1, 0, 0, 1, 1, 0, 1, 1, 0, 0, 1, 1]	
Bit Stream Modificado:      [0, 1, 1, 0, 1, 1, 0, 1, 1, 0, 0, 1, 1, 0, 1, 1, 0, 1, 1, 1]
Intento numero: [ 45 ]
------------------
Clausulas satisfechas: 
0: [1, 1, 1]
1: [1, 1, 0]
2: [0, 1, 1]
3: [1, 0, 1]
4: [1, 1, 0]
6: [0, 0, 1]
7: [0, 0, 1]
8: [1, 0, 0]
9: [0, 1, 1]
10: [0, 1, 1]
11: [1, 0, 1]
12: [1, 0, 1]
13: [1, 1, 0]
14: [1, 1, 1]
15: [1, 0, 0]
16: [0, 0, 1]
17: [1, 1, 1]
18: [0, 1, 1]
19: [0, 1, 1]
20: [0, 0, 1]
21: [0, 1, 1]
22: [0, 0, 1]
23: [0, 0, 1]
24: [0, 1, 1]
25: [1, 0, 0]
26: [0, 0, 1]
27: [1, 0, 1]
28: [0, 1, 0]
29: [0, 0, 1]
30: [0, 1, 1]
31: [1, 1, 1]
32: [1, 1, 0]
33: [0, 1, 0]
34: [0, 0, 1]
36: [1, 1, 0]
37: [0, 1, 1]
38: [1, 0, 0]
39: [0, 1, 1]
40: [1, 1, 1]
41: [1, 1, 1]
42: [0, 1, 1]
43: [1, 1, 0]
44: [1, 1, 0]
45: [1, 1, 1]
46: [1, 1, 1]
47: [1, 0, 1]
48: [1, 1, 0]
49: [1, 0, 0]
50: [1, 0, 1]
51: [1, 1, 1]
52: [1, 1, 0]
53: [1, 1, 1]
54: [0, 1, 0]
55: [0, 1, 1]
56: [0, 1, 0]
57: [0, 1, 0]
58: [1, 0, 1]
59: [0, 1, 1]
60: [1, 1, 0]
61: [0, 1, 0]
62: [1, 0, 0]
63: [1, 1, 0]
64: [0, 1, 0]
65: [1, 0, 1]
66: [1, 1, 1]
67: [0, 0, 1]
68: [1, 1, 0]
69: [1, 1, 1]
70: [0, 0, 1]
71: [0, 1, 1]
72: [1, 0, 1]
73: [0, 1, 0]
74: [0, 0, 1]
75: [0, 0, 1]
76: [0, 1, 1]
77: [0, 1, 1]
78: [0, 1, 0]
79: [1, 1, 1]
81: [1, 1, 0]
82: [0, 0, 1]
83: [1, 1, 1]
84: [0, 1, 0]
85: [0, 0, 1]
86: [1, 1, 0]
87: [1, 0, 0]
88: [0, 1, 1]
89: [1, 0, 1]
90: [1, 0, 1]
Clausulas no satisfechas: 
5: [0, 0, 0]
35: [0, 0, 0]
80: [0, 0, 0]
Clausula random a cambiar :  80. Elemento a cambiar: 3
Bit Stream a Cambiar: 17 	
Bit Stream antes de cambio: [0, 1, 1, 0, 1, 1, 0, 1, 1, 0, 0, 1, 1, 0, 1, 1, 0, 1, 1, 1]	
Bit Stream Modificado:      [0, 1, 1, 0, 1, 1, 0, 1, 1, 0, 0, 1, 1, 0, 1, 1, 1, 1, 1, 1]
Intento numero: [ 46 ]
------------------
Clausulas satisfechas: 
0: [1, 1, 1]
1: [1, 0, 0]
2: [0, 0, 1]
3: [1, 0, 1]
4: [1, 1, 0]
6: [0, 0, 1]
7: [0, 0, 1]
8: [1, 0, 1]
9: [0, 1, 1]
10: [0, 1, 0]
11: [1, 0, 0]
12: [1, 0, 1]
13: [1, 1, 0]
14: [1, 1, 1]
15: [1, 0, 0]
16: [0, 0, 1]
17: [1, 1, 1]
18: [0, 1, 1]
19: [0, 1, 1]
20: [0, 0, 1]
21: [0, 1, 1]
22: [0, 0, 1]
24: [0, 1, 1]
25: [1, 0, 0]
26: [0, 0, 1]
27: [1, 0, 1]
28: [0, 1, 0]
29: [0, 0, 1]
30: [0, 1, 1]
31: [1, 1, 1]
32: [1, 1, 0]
33: [0, 1, 1]
34: [0, 0, 1]
36: [1, 1, 0]
37: [0, 1, 1]
38: [1, 0, 0]
39: [0, 1, 1]
40: [1, 1, 1]
41: [1, 1, 1]
42: [0, 1, 1]
43: [1, 1, 0]
44: [1, 1, 0]
45: [1, 1, 1]
46: [1, 1, 1]
47: [1, 0, 1]
48: [1, 1, 0]
49: [1, 0, 0]
50: [1, 0, 1]
51: [1, 1, 1]
52: [1, 1, 0]
53: [1, 1, 1]
54: [0, 1, 0]
55: [0, 1, 1]
56: [0, 1, 0]
57: [0, 1, 0]
58: [1, 0, 0]
59: [0, 1, 1]
60: [1, 1, 0]
61: [0, 1, 0]
62: [1, 0, 0]
63: [1, 1, 0]
64: [0, 1, 0]
65: [1, 0, 0]
66: [1, 1, 1]
67: [0, 0, 1]
68: [1, 1, 0]
69: [1, 0, 1]
70: [0, 0, 1]
71: [0, 1, 1]
72: [1, 0, 1]
73: [1, 1, 0]
74: [0, 0, 1]
75: [0, 0, 1]
76: [0, 1, 1]
77: [0, 1, 0]
78: [0, 1, 0]
79: [1, 1, 1]
80: [0, 0, 1]
81: [1, 1, 0]
82: [0, 0, 1]
83: [1, 1, 1]
85: [0, 0, 1]
86: [1, 1, 0]
87: [1, 0, 0]
88: [0, 1, 1]
89: [1, 0, 1]
90: [0, 0, 1]
Clausulas no satisfechas: 
5: [0, 0, 0]
23: [0, 0, 0]
35: [0, 0, 0]
84: [0, 0, 0]
Clausula random a cambiar :  84. Elemento a cambiar: 3
Bit Stream a Cambiar: 9 	
Bit Stream antes de cambio: [0, 1, 1, 0, 1, 1, 0, 1, 1, 0, 0, 1, 1, 0, 1, 1, 1, 1, 1, 1]	
Bit Stream Modificado:      [0, 1, 1, 0, 1, 1, 0, 1, 0, 0, 0, 1, 1, 0, 1, 1, 1, 1, 1, 1]
Intento numero: [ 47 ]
------------------
Clausulas satisfechas: 
0: [1, 0, 1]
1: [1, 0, 0]
2: [0, 0, 1]
3: [1, 0, 1]
4: [1, 1, 0]
5: [1, 0, 0]
6: [0, 0, 1]
7: [0, 0, 1]
8: [1, 0, 1]
9: [0, 1, 1]
11: [1, 0, 0]
12: [1, 0, 1]
13: [1, 1, 0]
14: [1, 1, 1]
15: [1, 0, 0]
16: [0, 0, 1]
17: [1, 1, 1]
18: [0, 1, 1]
19: [0, 1, 1]
20: [0, 0, 1]
21: [0, 1, 1]
22: [0, 0, 1]
24: [0, 1, 1]
25: [1, 0, 0]
26: [0, 1, 1]
27: [1, 0, 1]
28: [0, 1, 0]
29: [0, 0, 1]
30: [1, 1, 1]
31: [1, 1, 1]
32: [1, 1, 0]
33: [0, 1, 1]
34: [0, 0, 1]
36: [1, 1, 0]
37: [0, 1, 1]
38: [1, 0, 0]
39: [0, 1, 1]
40: [1, 1, 1]
41: [1, 1, 1]
42: [0, 1, 1]
43: [1, 1, 0]
44: [0, 1, 0]
45: [1, 1, 1]
46: [1, 1, 1]
47: [1, 0, 1]
48: [1, 1, 0]
49: [1, 0, 0]
50: [1, 0, 1]
51: [1, 1, 1]
52: [1, 1, 0]
53: [1, 1, 1]
54: [0, 1, 0]
55: [0, 1, 1]
56: [0, 1, 1]
57: [0, 1, 0]
58: [1, 0, 0]
59: [0, 1, 1]
60: [1, 1, 0]
61: [0, 1, 0]
63: [1, 1, 0]
64: [0, 1, 0]
65: [1, 0, 0]
66: [1, 1, 1]
67: [0, 0, 1]
68: [0, 1, 0]
69: [1, 0, 0]
71: [0, 1, 0]
72: [1, 0, 1]
73: [1, 1, 0]
75: [0, 0, 1]
76: [0, 1, 1]
77: [0, 1, 0]
78: [0, 1, 0]
79: [1, 1, 1]
80: [0, 0, 1]
81: [1, 1, 0]
82: [0, 0, 1]
83: [1, 1, 1]
84: [0, 0, 1]
85: [0, 1, 1]
86: [1, 1, 0]
87: [1, 0, 0]
88: [0, 1, 1]
89: [1, 0, 1]
90: [0, 0, 1]
Clausulas no satisfechas: 
10: [0, 0, 0]
23: [0, 0, 0]
35: [0, 0, 0]
62: [0, 0, 0]
70: [0, 0, 0]
74: [0, 0, 0]
Clausula random a cambiar :  35. Elemento a cambiar: 1
Bit Stream a Cambiar: 18 	
Bit Stream antes de cambio: [0, 1, 1, 0, 1, 1, 0, 1, 0, 0, 0, 1, 1, 0, 1, 1, 1, 1, 1, 1]	
Bit Stream Modificado:      [0, 1, 1, 0, 1, 1, 0, 1, 0, 0, 0, 1, 1, 0, 1, 1, 1, 0, 1, 1]
Intento numero: [ 48 ]
------------------
Clausulas satisfechas: 
0: [1, 0, 1]
1: [1, 0, 1]
2: [0, 0, 1]
3: [1, 0, 1]
4: [1, 1, 0]
5: [1, 0, 0]
7: [0, 0, 1]
8: [1, 0, 1]
9: [0, 1, 1]
11: [1, 0, 0]
12: [1, 1, 1]
13: [1, 1, 0]
14: [1, 1, 1]
15: [1, 0, 0]
16: [0, 0, 1]
17: [1, 0, 1]
18: [0, 1, 1]
19: [0, 1, 1]
20: [0, 0, 1]
21: [0, 1, 0]
22: [0, 0, 1]
24: [0, 0, 1]
25: [1, 0, 0]
26: [0, 1, 1]
27: [1, 0, 1]
28: [0, 1, 0]
29: [0, 0, 1]
30: [1, 1, 1]
31: [1, 1, 1]
32: [1, 1, 0]
33: [0, 1, 1]
34: [1, 0, 1]
35: [1, 0, 0]
36: [0, 1, 0]
37: [0, 1, 1]
38: [1, 0, 0]
39: [0, 1, 1]
40: [1, 1, 1]
41: [1, 1, 1]
42: [0, 1, 1]
43: [1, 1, 0]
44: [0, 1, 0]
45: [1, 1, 1]
46: [0, 1, 1]
47: [0, 0, 1]
48: [1, 1, 0]
49: [1, 0, 0]
50: [1, 0, 1]
51: [1, 1, 1]
52: [1, 1, 0]
53: [1, 1, 1]
54: [0, 1, 0]
55: [0, 0, 1]
56: [0, 1, 1]
57: [1, 1, 0]
58: [1, 0, 0]
59: [0, 1, 1]
60: [1, 1, 0]
61: [0, 1, 0]
63: [1, 1, 0]
64: [0, 1, 0]
65: [1, 0, 0]
66: [1, 1, 1]
67: [1, 0, 1]
69: [1, 0, 0]
71: [0, 1, 0]
72: [1, 0, 1]
73: [1, 1, 0]
75: [0, 0, 1]
76: [0, 1, 1]
77: [0, 1, 0]
78: [0, 1, 0]
79: [1, 1, 1]
80: [1, 0, 1]
81: [1, 1, 0]
82: [0, 0, 1]
83: [1, 1, 1]
84: [0, 0, 1]
85: [0, 1, 1]
86: [1, 1, 0]
87: [1, 0, 0]
88: [0, 1, 1]
89: [1, 0, 1]
90: [0, 0, 1]
Clausulas no satisfechas: 
6: [0, 0, 0]
10: [0, 0, 0]
23: [0, 0, 0]
62: [0, 0, 0]
68: [0, 0, 0]
70: [0, 0, 0]
74: [0, 0, 0]
Clausula random a cambiar :  6. Elemento a cambiar: 3
Bit Stream a Cambiar: 18 	
Bit Stream antes de cambio: [0, 1, 1, 0, 1, 1, 0, 1, 0, 0, 0, 1, 1, 0, 1, 1, 1, 0, 1, 1]	
Bit Stream Modificado:      [0, 1, 1, 0, 1, 1, 0, 1, 0, 0, 0, 1, 1, 0, 1, 1, 1, 1, 1, 1]
Intento numero: [ 49 ]
------------------
Clausulas satisfechas: 
0: [1, 0, 1]
1: [1, 0, 0]
2: [0, 0, 1]
3: [1, 0, 1]
4: [1, 1, 0]
5: [1, 0, 0]
6: [0, 0, 1]
7: [0, 0, 1]
8: [1, 0, 1]
9: [0, 1, 1]
11: [1, 0, 0]
12: [1, 0, 1]
13: [1, 1, 0]
14: [1, 1, 1]
15: [1, 0, 0]
16: [0, 0, 1]
17: [1, 1, 1]
18: [0, 1, 1]
19: [0, 1, 1]
20: [0, 0, 1]
21: [0, 1, 1]
22: [0, 0, 1]
24: [0, 1, 1]
25: [1, 0, 0]
26: [0, 1, 1]
27: [1, 0, 1]
28: [0, 1, 0]
29: [0, 0, 1]
30: [1, 1, 1]
31: [1, 1, 1]
32: [1, 1, 0]
33: [0, 1, 1]
34: [0, 0, 1]
36: [1, 1, 0]
37: [0, 1, 1]
38: [1, 0, 0]
39: [0, 1, 1]
40: [1, 1, 1]
41: [1, 1, 1]
42: [0, 1, 1]
43: [1, 1, 0]
44: [0, 1, 0]
45: [1, 1, 1]
46: [1, 1, 1]
47: [1, 0, 1]
48: [1, 1, 0]
49: [1, 0, 0]
50: [1, 0, 1]
51: [1, 1, 1]
52: [1, 1, 0]
53: [1, 1, 1]
54: [0, 1, 0]
55: [0, 1, 1]
56: [0, 1, 1]
57: [0, 1, 0]
58: [1, 0, 0]
59: [0, 1, 1]
60: [1, 1, 0]
61: [0, 1, 0]
63: [1, 1, 0]
64: [0, 1, 0]
65: [1, 0, 0]
66: [1, 1, 1]
67: [0, 0, 1]
68: [0, 1, 0]
69: [1, 0, 0]
71: [0, 1, 0]
72: [1, 0, 1]
73: [1, 1, 0]
75: [0, 0, 1]
76: [0, 1, 1]
77: [0, 1, 0]
78: [0, 1, 0]
79: [1, 1, 1]
80: [0, 0, 1]
81: [1, 1, 0]
82: [0, 0, 1]
83: [1, 1, 1]
84: [0, 0, 1]
85: [0, 1, 1]
86: [1, 1, 0]
87: [1, 0, 0]
88: [0, 1, 1]
89: [1, 0, 1]
90: [0, 0, 1]
Clausulas no satisfechas: 
10: [0, 0, 0]
23: [0, 0, 0]
35: [0, 0, 0]
62: [0, 0, 0]
70: [0, 0, 0]
74: [0, 0, 0]
Clausula random a cambiar :  62. Elemento a cambiar: 3
Bit Stream a Cambiar: 19 	
Bit Stream antes de cambio: [0, 1, 1, 0, 1, 1, 0, 1, 0, 0, 0, 1, 1, 0, 1, 1, 1, 1, 1, 1]	
Bit Stream Modificado:      [0, 1, 1, 0, 1, 1, 0, 1, 0, 0, 0, 1, 1, 0, 1, 1, 1, 1, 0, 1]
Intento numero: [ 50 ]
------------------
Clausulas satisfechas: 
0: [1, 0, 1]
1: [1, 0, 0]
2: [0, 0, 1]
3: [1, 0, 1]
4: [1, 1, 0]
5: [1, 1, 0]
6: [0, 0, 1]
7: [1, 0, 1]
8: [1, 0, 1]
9: [0, 1, 1]
11: [1, 0, 0]
12: [0, 0, 1]
13: [1, 1, 0]
14: [1, 1, 1]
15: [1, 0, 0]
16: [0, 0, 1]
17: [1, 1, 1]
18: [0, 1, 1]
19: [0, 1, 1]
20: [0, 0, 1]
21: [0, 1, 1]
22: [0, 0, 1]
24: [0, 1, 1]
25: [1, 0, 0]
26: [0, 1, 1]
27: [1, 0, 0]
28: [0, 1, 1]
29: [0, 0, 1]
30: [1, 1, 1]
31: [1, 1, 1]
32: [1, 1, 0]
33: [0, 1, 1]
34: [0, 0, 1]
36: [1, 1, 0]
37: [0, 1, 1]
38: [1, 1, 0]
39: [0, 1, 1]
40: [0, 1, 1]
41: [1, 1, 1]
42: [0, 1, 1]
43: [1, 1, 0]
44: [0, 1, 0]
45: [1, 1, 1]
46: [1, 1, 1]
47: [1, 0, 1]
48: [1, 1, 0]
50: [1, 0, 1]
51: [1, 1, 1]
52: [1, 1, 1]
53: [1, 1, 1]
54: [0, 1, 0]
55: [0, 1, 1]
56: [0, 1, 1]
57: [0, 1, 0]
58: [1, 1, 0]
59: [0, 1, 1]
60: [1, 0, 0]
61: [0, 1, 0]
62: [0, 0, 1]
63: [1, 1, 0]
64: [0, 1, 0]
65: [1, 0, 0]
66: [1, 1, 1]
67: [0, 0, 1]
68: [0, 1, 0]
69: [1, 0, 0]
71: [0, 1, 0]
72: [1, 0, 1]
73: [1, 1, 0]
75: [0, 0, 1]
76: [0, 1, 1]
77: [0, 1, 0]
79: [1, 1, 1]
80: [0, 0, 1]
81: [1, 1, 0]
83: [1, 1, 0]
84: [0, 0, 1]
85: [0, 1, 1]
86: [1, 1, 0]
87: [1, 0, 0]
88: [0, 1, 1]
89: [1, 0, 1]
90: [0, 0, 1]
Clausulas no satisfechas: 
10: [0, 0, 0]
23: [0, 0, 0]
35: [0, 0, 0]
49: [0, 0, 0]
70: [0, 0, 0]
74: [0, 0, 0]
78: [0, 0, 0]
82: [0, 0, 0]
Clausula random a cambiar :  23. Elemento a cambiar: 2
Bit Stream a Cambiar: 16 	
Bit Stream antes de cambio: [0, 1, 1, 0, 1, 1, 0, 1, 0, 0, 0, 1, 1, 0, 1, 1, 1, 1, 0, 1]	
Bit Stream Modificado:      [0, 1, 1, 0, 1, 1, 0, 1, 0, 0, 0, 1, 1, 0, 1, 0, 1, 1, 0, 1]
Intento numero: [ 51 ]
------------------
Clausulas satisfechas: 
0: [1, 0, 1]
1: [1, 0, 0]
2: [0, 0, 1]
3: [1, 1, 1]
4: [1, 1, 0]
5: [1, 1, 0]
6: [0, 0, 1]
7: [1, 1, 1]
8: [1, 1, 1]
9: [0, 1, 1]
11: [1, 0, 0]
12: [0, 0, 1]
13: [1, 1, 0]
14: [1, 1, 1]
15: [1, 0, 0]
16: [0, 0, 1]
17: [1, 1, 1]
18: [0, 1, 1]
19: [0, 1, 1]
20: [0, 0, 1]
21: [0, 1, 1]
22: [0, 0, 1]
23: [0, 1, 0]
24: [0, 1, 1]
25: [1, 0, 0]
26: [0, 1, 1]
27: [1, 0, 0]
28: [0, 1, 1]
29: [0, 0, 1]
30: [1, 1, 1]
31: [1, 1, 1]
32: [1, 0, 0]
33: [0, 1, 1]
35: [0, 0, 1]
36: [1, 1, 0]
37: [0, 1, 1]
38: [1, 1, 0]
39: [0, 1, 1]
40: [0, 1, 1]
41: [1, 1, 1]
42: [0, 1, 1]
43: [1, 1, 0]
44: [0, 1, 0]
45: [1, 1, 0]
46: [1, 1, 1]
47: [1, 0, 1]
48: [1, 1, 0]
50: [1, 0, 1]
51: [1, 1, 1]
52: [1, 1, 1]
53: [1, 1, 1]
54: [0, 1, 0]
55: [0, 1, 1]
56: [0, 1, 1]
57: [0, 1, 0]
58: [1, 1, 0]
59: [0, 1, 1]
60: [1, 0, 0]
61: [0, 1, 0]
62: [0, 0, 1]
63: [1, 1, 0]
64: [0, 1, 0]
65: [1, 0, 0]
66: [1, 1, 1]
67: [0, 0, 1]
68: [0, 1, 0]
69: [1, 0, 0]
71: [0, 1, 0]
72: [1, 0, 1]
73: [1, 1, 0]
75: [0, 0, 1]
76: [0, 1, 1]
77: [1, 1, 0]
79: [1, 1, 1]
80: [0, 0, 1]
81: [1, 1, 0]
83: [1, 1, 0]
84: [0, 0, 1]
85: [0, 1, 1]
86: [1, 1, 0]
87: [1, 0, 0]
88: [0, 1, 1]
89: [0, 0, 1]
90: [0, 0, 1]
Clausulas no satisfechas: 
10: [0, 0, 0]
34: [0, 0, 0]
49: [0, 0, 0]
70: [0, 0, 0]
74: [0, 0, 0]
78: [0, 0, 0]
82: [0, 0, 0]
Clausula random a cambiar :  74. Elemento a cambiar: 3
Bit Stream a Cambiar: 9 	
Bit Stream antes de cambio: [0, 1, 1, 0, 1, 1, 0, 1, 0, 0, 0, 1, 1, 0, 1, 0, 1, 1, 0, 1]	
Bit Stream Modificado:      [0, 1, 1, 0, 1, 1, 0, 1, 1, 0, 0, 1, 1, 0, 1, 0, 1, 1, 0, 1]
Intento numero: [ 52 ]
------------------
Clausulas satisfechas: 
0: [1, 1, 1]
1: [1, 0, 0]
2: [0, 0, 1]
3: [1, 1, 1]
4: [1, 1, 0]
5: [0, 1, 0]
6: [0, 0, 1]
7: [1, 1, 1]
8: [1, 1, 1]
9: [0, 1, 1]
10: [0, 1, 0]
11: [1, 0, 0]
12: [0, 0, 1]
13: [1, 1, 0]
14: [1, 1, 1]
15: [1, 0, 0]
16: [0, 0, 1]
17: [1, 1, 1]
18: [0, 1, 1]
19: [0, 1, 1]
20: [0, 0, 1]
21: [0, 1, 1]
22: [0, 0, 1]
23: [0, 1, 0]
24: [0, 1, 1]
25: [1, 0, 0]
26: [0, 0, 1]
27: [1, 0, 0]
28: [0, 1, 1]
29: [0, 0, 1]
30: [0, 1, 1]
31: [1, 1, 1]
32: [1, 0, 0]
33: [0, 1, 1]
35: [0, 0, 1]
36: [1, 1, 0]
37: [0, 1, 1]
38: [1, 1, 0]
39: [0, 1, 1]
40: [0, 1, 1]
41: [1, 1, 1]
42: [0, 1, 1]
43: [1, 1, 0]
44: [1, 1, 0]
45: [1, 1, 0]
46: [1, 1, 1]
47: [1, 0, 1]
48: [1, 1, 0]
50: [1, 0, 1]
51: [1, 1, 1]
52: [1, 1, 1]
53: [1, 1, 1]
54: [0, 1, 0]
55: [0, 1, 1]
56: [0, 1, 0]
57: [0, 1, 0]
58: [1, 1, 0]
59: [0, 1, 1]
60: [1, 0, 0]
61: [0, 1, 0]
62: [1, 0, 1]
63: [1, 1, 0]
64: [0, 1, 0]
65: [1, 0, 0]
66: [1, 1, 1]
67: [0, 0, 1]
68: [1, 1, 0]
69: [1, 0, 1]
70: [0, 0, 1]
71: [0, 1, 1]
72: [1, 0, 1]
73: [1, 1, 0]
74: [0, 0, 1]
75: [0, 0, 1]
76: [0, 1, 1]
77: [1, 1, 0]
79: [1, 1, 1]
80: [0, 0, 1]
81: [1, 1, 0]
83: [1, 1, 0]
85: [0, 0, 1]
86: [1, 1, 0]
87: [1, 0, 0]
88: [0, 1, 1]
89: [0, 0, 1]
90: [0, 0, 1]
Clausulas no satisfechas: 
34: [0, 0, 0]
49: [0, 0, 0]
78: [0, 0, 0]
82: [0, 0, 0]
84: [0, 0, 0]
Clausula random a cambiar :  82. Elemento a cambiar: 2
Bit Stream a Cambiar: 10 	
Bit Stream antes de cambio: [0, 1, 1, 0, 1, 1, 0, 1, 1, 0, 0, 1, 1, 0, 1, 0, 1, 1, 0, 1]	
Bit Stream Modificado:      [0, 1, 1, 0, 1, 1, 0, 1, 1, 1, 0, 1, 1, 0, 1, 0, 1, 1, 0, 1]
Intento numero: [ 53 ]
------------------
Clausulas satisfechas: 
0: [1, 1, 1]
1: [1, 0, 0]
2: [0, 0, 1]
3: [1, 1, 1]
4: [1, 1, 0]
5: [0, 1, 0]
6: [0, 0, 1]
7: [1, 1, 1]
8: [1, 1, 1]
9: [0, 1, 1]
10: [0, 1, 0]
11: [1, 0, 0]
12: [0, 0, 1]
13: [1, 1, 0]
14: [1, 1, 1]
15: [1, 0, 0]
16: [0, 0, 1]
17: [1, 1, 1]
18: [0, 1, 1]
19: [0, 1, 1]
20: [0, 1, 1]
21: [0, 1, 1]
22: [0, 1, 1]
23: [0, 1, 0]
24: [0, 1, 1]
25: [1, 0, 0]
26: [0, 0, 1]
27: [1, 0, 0]
28: [0, 1, 1]
29: [0, 0, 1]
30: [0, 1, 1]
31: [1, 1, 1]
32: [1, 0, 0]
33: [0, 1, 1]
35: [0, 0, 1]
36: [1, 1, 0]
37: [0, 1, 1]
38: [1, 1, 0]
39: [0, 1, 1]
40: [0, 1, 1]
41: [1, 1, 1]
42: [1, 1, 1]
43: [1, 1, 0]
44: [1, 1, 1]
45: [1, 1, 0]
46: [1, 1, 1]
47: [1, 0, 1]
48: [1, 1, 0]
50: [1, 0, 1]
51: [1, 1, 1]
52: [1, 1, 1]
53: [1, 1, 0]
54: [0, 1, 0]
55: [0, 1, 1]
56: [0, 1, 0]
57: [0, 1, 0]
58: [1, 1, 0]
59: [0, 1, 1]
60: [1, 0, 0]
61: [0, 1, 0]
62: [1, 0, 1]
63: [1, 1, 1]
64: [0, 1, 0]
65: [1, 0, 0]
66: [1, 1, 1]
67: [0, 0, 1]
68: [1, 1, 0]
69: [1, 0, 1]
70: [0, 0, 1]
71: [0, 1, 1]
72: [1, 0, 1]
73: [1, 0, 0]
74: [0, 0, 1]
75: [0, 0, 1]
76: [0, 1, 1]
77: [1, 1, 0]
79: [1, 1, 1]
80: [0, 1, 1]
81: [1, 1, 0]
82: [0, 1, 0]
83: [1, 1, 0]
85: [1, 0, 1]
86: [1, 1, 1]
87: [1, 0, 0]
88: [0, 1, 1]
89: [0, 0, 1]
90: [0, 0, 1]
Clausulas no satisfechas: 
34: [0, 0, 0]
49: [0, 0, 0]
78: [0, 0, 0]
84: [0, 0, 0]
Clausula random a cambiar :  49. Elemento a cambiar: 2
Bit Stream a Cambiar: 12 	
Bit Stream antes de cambio: [0, 1, 1, 0, 1, 1, 0, 1, 1, 1, 0, 1, 1, 0, 1, 0, 1, 1, 0, 1]	
Bit Stream Modificado:      [0, 1, 1, 0, 1, 1, 0, 1, 1, 1, 0, 0, 1, 0, 1, 0, 1, 1, 0, 1]
Intento numero: [ 54 ]
------------------
Clausulas satisfechas: 
0: [1, 1, 0]
1: [1, 0, 0]
2: [0, 0, 1]
3: [1, 1, 0]
4: [1, 1, 0]
5: [0, 1, 0]
6: [0, 0, 1]
7: [1, 1, 1]
8: [1, 1, 1]
9: [0, 1, 1]
10: [0, 1, 0]
11: [1, 0, 0]
12: [0, 0, 1]
13: [1, 1, 0]
14: [0, 1, 1]
15: [1, 0, 0]
16: [0, 0, 1]
17: [1, 1, 1]
18: [0, 1, 1]
19: [0, 1, 1]
20: [0, 1, 0]
21: [0, 1, 1]
22: [0, 1, 1]
23: [0, 1, 0]
24: [0, 1, 1]
25: [1, 0, 0]
26: [0, 0, 1]
27: [1, 0, 0]
28: [0, 1, 1]
29: [0, 0, 1]
30: [0, 1, 1]
31: [1, 1, 1]
32: [1, 0, 0]
33: [0, 1, 1]
35: [0, 0, 1]
36: [1, 1, 0]
37: [0, 1, 1]
38: [1, 1, 0]
39: [0, 0, 1]
40: [0, 1, 1]
41: [1, 1, 1]
42: [1, 1, 1]
43: [1, 1, 0]
44: [1, 1, 1]
45: [1, 1, 0]
46: [1, 1, 0]
47: [1, 0, 1]
48: [1, 1, 0]
49: [0, 1, 0]
50: [1, 0, 1]
51: [0, 1, 1]
52: [1, 1, 1]
53: [1, 1, 0]
54: [0, 1, 0]
55: [0, 1, 1]
56: [0, 1, 0]
57: [0, 1, 0]
58: [1, 1, 0]
59: [0, 1, 1]
60: [1, 0, 1]
61: [1, 1, 0]
62: [1, 0, 1]
63: [1, 1, 1]
64: [0, 1, 1]
65: [1, 0, 0]
66: [1, 1, 1]
67: [0, 0, 1]
68: [1, 1, 0]
69: [1, 0, 1]
70: [0, 0, 1]
71: [0, 0, 1]
72: [1, 0, 1]
73: [1, 0, 0]
74: [0, 0, 1]
75: [0, 0, 1]
76: [0, 1, 1]
77: [1, 1, 0]
79: [1, 1, 1]
80: [0, 1, 1]
81: [0, 1, 0]
82: [0, 1, 0]
83: [1, 1, 0]
85: [1, 0, 1]
86: [1, 1, 1]
88: [0, 1, 1]
89: [0, 0, 1]
90: [0, 0, 1]
Clausulas no satisfechas: 
34: [0, 0, 0]
78: [0, 0, 0]
84: [0, 0, 0]
87: [0, 0, 0]
Clausula random a cambiar :  34. Elemento a cambiar: 2
Bit Stream a Cambiar: 13 	
Bit Stream antes de cambio: [0, 1, 1, 0, 1, 1, 0, 1, 1, 1, 0, 0, 1, 0, 1, 0, 1, 1, 0, 1]	
Bit Stream Modificado:      [0, 1, 1, 0, 1, 1, 0, 1, 1, 1, 0, 0, 0, 0, 1, 0, 1, 1, 0, 1]
Intento numero: [ 55 ]
------------------
Clausulas satisfechas: 
0: [1, 1, 0]
1: [1, 0, 0]
2: [1, 0, 1]
3: [1, 1, 0]
4: [1, 1, 0]
5: [0, 1, 0]
6: [0, 0, 1]
7: [1, 1, 1]
8: [1, 1, 1]
9: [0, 1, 1]
10: [0, 1, 0]
11: [1, 0, 0]
12: [0, 0, 1]
13: [1, 1, 0]
14: [0, 1, 1]
15: [1, 0, 0]
16: [0, 0, 1]
17: [1, 1, 1]
18: [0, 1, 1]
19: [0, 1, 1]
20: [0, 1, 0]
21: [0, 1, 1]
22: [0, 1, 1]
23: [0, 1, 0]
24: [0, 1, 0]
25: [1, 0, 1]
26: [0, 0, 1]
27: [1, 0, 0]
28: [0, 1, 1]
29: [0, 1, 1]
30: [0, 1, 0]
31: [1, 1, 1]
32: [1, 0, 0]
33: [0, 0, 1]
34: [0, 1, 0]
35: [0, 0, 1]
36: [1, 1, 0]
37: [0, 1, 1]
38: [1, 1, 0]
39: [0, 0, 1]
40: [0, 1, 1]
41: [1, 1, 1]
42: [1, 0, 1]
43: [1, 1, 0]
44: [1, 1, 1]
45: [1, 1, 0]
46: [1, 1, 0]
47: [1, 0, 1]
48: [1, 0, 0]
49: [0, 1, 0]
50: [1, 0, 0]
51: [0, 1, 1]
52: [1, 1, 1]
53: [1, 0, 0]
54: [0, 1, 0]
55: [0, 1, 1]
56: [0, 1, 0]
57: [0, 1, 0]
58: [1, 1, 0]
59: [0, 1, 1]
60: [0, 0, 1]
61: [1, 1, 0]
62: [1, 0, 1]
63: [1, 1, 1]
64: [0, 1, 1]
65: [1, 0, 0]
66: [1, 1, 1]
67: [0, 0, 1]
68: [1, 1, 0]
69: [1, 0, 1]
70: [0, 0, 1]
71: [0, 0, 1]
72: [1, 0, 1]
73: [1, 0, 0]
74: [0, 0, 1]
76: [0, 1, 0]
77: [1, 1, 0]
79: [1, 1, 1]
80: [0, 1, 1]
81: [0, 1, 0]
82: [0, 1, 0]
83: [1, 1, 0]
84: [1, 0, 0]
85: [1, 0, 1]
86: [1, 1, 1]
87: [0, 0, 1]
88: [0, 1, 1]
89: [0, 0, 1]
90: [0, 0, 1]
Clausulas no satisfechas: 
75: [0, 0, 0]
78: [0, 0, 0]
Clausula random a cambiar :  78. Elemento a cambiar: 2
Bit Stream a Cambiar: 19 	
Bit Stream antes de cambio: [0, 1, 1, 0, 1, 1, 0, 1, 1, 1, 0, 0, 0, 0, 1, 0, 1, 1, 0, 1]	
Bit Stream Modificado:      [0, 1, 1, 0, 1, 1, 0, 1, 1, 1, 0, 0, 0, 0, 1, 0, 1, 1, 1, 1]
Intento numero: [ 56 ]
------------------
Clausulas satisfechas: 
0: [1, 1, 0]
1: [1, 0, 0]
2: [1, 0, 1]
3: [1, 1, 0]
4: [1, 1, 0]
6: [0, 0, 1]
7: [0, 1, 1]
8: [1, 1, 1]
9: [0, 1, 1]
10: [0, 1, 0]
11: [1, 0, 0]
12: [1, 0, 1]
13: [1, 1, 0]
14: [0, 1, 1]
15: [1, 0, 0]
16: [0, 0, 1]
17: [1, 1, 1]
18: [0, 1, 1]
19: [0, 1, 1]
20: [0, 1, 0]
21: [0, 1, 1]
22: [0, 1, 1]
23: [0, 1, 0]
24: [0, 1, 0]
25: [1, 0, 1]
26: [0, 0, 1]
27: [1, 0, 1]
28: [0, 1, 0]
29: [0, 1, 1]
30: [0, 1, 0]
31: [1, 1, 1]
32: [1, 0, 0]
33: [0, 0, 1]
34: [0, 1, 0]
35: [0, 0, 1]
36: [1, 1, 0]
37: [0, 1, 1]
38: [1, 0, 0]
39: [0, 0, 1]
40: [1, 1, 1]
41: [1, 1, 1]
42: [1, 0, 1]
43: [1, 1, 0]
44: [1, 1, 1]
45: [1, 1, 0]
46: [1, 1, 0]
47: [1, 0, 1]
48: [1, 0, 0]
49: [1, 1, 0]
50: [1, 0, 0]
51: [0, 1, 1]
52: [1, 1, 0]
53: [1, 0, 0]
54: [0, 1, 0]
55: [0, 1, 1]
56: [0, 1, 0]
57: [0, 1, 0]
58: [1, 0, 0]
59: [0, 1, 1]
60: [0, 1, 1]
61: [1, 1, 0]
62: [1, 0, 0]
63: [1, 1, 1]
64: [0, 1, 1]
65: [1, 0, 0]
66: [1, 1, 1]
67: [0, 0, 1]
68: [1, 1, 0]
69: [1, 0, 1]
70: [0, 0, 1]
71: [0, 0, 1]
72: [1, 0, 1]
73: [1, 0, 0]
74: [0, 0, 1]
76: [0, 1, 0]
77: [1, 1, 0]
78: [0, 1, 0]
79: [1, 1, 1]
80: [0, 1, 1]
81: [0, 1, 0]
82: [0, 1, 1]
83: [1, 1, 1]
84: [1, 0, 0]
85: [1, 0, 1]
86: [1, 1, 1]
87: [0, 0, 1]
88: [0, 1, 1]
89: [0, 0, 1]
90: [0, 0, 1]
Clausulas no satisfechas: 
5: [0, 0, 0]
75: [0, 0, 0]
Clausula random a cambiar :  5. Elemento a cambiar: 1
Bit Stream a Cambiar: 9 	
Bit Stream antes de cambio: [0, 1, 1, 0, 1, 1, 0, 1, 1, 1, 0, 0, 0, 0, 1, 0, 1, 1, 1, 1]	
Bit Stream Modificado:      [0, 1, 1, 0, 1, 1, 0, 1, 0, 1, 0, 0, 0, 0, 1, 0, 1, 1, 1, 1]
Intento numero: [ 57 ]
------------------
Clausulas satisfechas: 
0: [1, 0, 0]
1: [1, 0, 0]
2: [1, 0, 1]
3: [1, 1, 0]
4: [1, 1, 0]
5: [1, 0, 0]
6: [0, 0, 1]
7: [0, 1, 1]
8: [1, 1, 1]
9: [0, 1, 1]
11: [1, 0, 0]
12: [1, 0, 1]
13: [1, 1, 0]
14: [0, 1, 1]
15: [1, 0, 0]
16: [0, 0, 1]
17: [1, 1, 1]
18: [0, 1, 1]
19: [0, 1, 1]
20: [0, 1, 0]
21: [0, 1, 1]
22: [0, 1, 1]
23: [0, 1, 0]
24: [0, 1, 0]
25: [1, 0, 1]
26: [0, 1, 1]
27: [1, 0, 1]
28: [0, 1, 0]
29: [0, 1, 1]
30: [1, 1, 0]
31: [1, 1, 1]
32: [1, 0, 0]
33: [0, 0, 1]
34: [0, 1, 0]
35: [0, 0, 1]
36: [1, 1, 0]
37: [0, 1, 1]
38: [1, 0, 0]
39: [0, 0, 1]
40: [1, 1, 1]
41: [1, 1, 1]
42: [1, 0, 1]
43: [1, 1, 0]
44: [0, 1, 1]
45: [1, 1, 0]
46: [1, 1, 0]
47: [1, 0, 1]
48: [1, 0, 0]
49: [1, 1, 0]
50: [1, 0, 0]
51: [0, 1, 1]
52: [1, 1, 0]
53: [1, 0, 0]
54: [0, 1, 0]
55: [0, 1, 1]
56: [0, 1, 1]
57: [0, 1, 0]
58: [1, 0, 0]
59: [0, 1, 1]
60: [0, 1, 1]
61: [1, 1, 0]
63: [1, 1, 1]
64: [0, 1, 1]
65: [1, 0, 0]
66: [1, 1, 1]
67: [0, 0, 1]
68: [0, 1, 0]
69: [1, 0, 0]
72: [1, 0, 1]
73: [1, 0, 0]
76: [0, 1, 0]
77: [1, 1, 0]
78: [0, 1, 0]
79: [1, 1, 1]
80: [0, 1, 1]
81: [0, 1, 0]
82: [0, 1, 1]
83: [1, 1, 1]
84: [1, 0, 1]
85: [1, 1, 1]
86: [1, 1, 1]
87: [0, 0, 1]
88: [0, 1, 1]
89: [0, 0, 1]
90: [0, 0, 1]
Clausulas no satisfechas: 
10: [0, 0, 0]
62: [0, 0, 0]
70: [0, 0, 0]
71: [0, 0, 0]
74: [0, 0, 0]
75: [0, 0, 0]
Clausula random a cambiar :  74. Elemento a cambiar: 2
Bit Stream a Cambiar: 15 	
Bit Stream antes de cambio: [0, 1, 1, 0, 1, 1, 0, 1, 0, 1, 0, 0, 0, 0, 1, 0, 1, 1, 1, 1]	
Bit Stream Modificado:      [0, 1, 1, 0, 1, 1, 0, 1, 0, 1, 0, 0, 0, 0, 0, 0, 1, 1, 1, 1]
Intento numero: [ 58 ]
------------------
Clausulas satisfechas: 
0: [1, 0, 0]
1: [1, 0, 0]
2: [1, 0, 1]
3: [1, 1, 0]
4: [1, 1, 0]
5: [1, 0, 0]
6: [0, 0, 1]
7: [0, 1, 1]
8: [1, 1, 1]
9: [0, 1, 1]
11: [1, 1, 0]
12: [1, 0, 0]
13: [1, 0, 0]
14: [0, 1, 1]
15: [1, 0, 0]
16: [0, 0, 1]
17: [1, 1, 1]
18: [0, 1, 1]
19: [0, 1, 0]
20: [0, 1, 0]
21: [0, 1, 1]
22: [0, 1, 1]
23: [0, 1, 0]
24: [0, 1, 0]
25: [1, 1, 1]
26: [0, 1, 1]
27: [1, 0, 1]
28: [0, 1, 0]
29: [0, 1, 1]
30: [1, 1, 0]
31: [1, 1, 1]
32: [1, 0, 1]
33: [0, 0, 1]
34: [0, 1, 0]
35: [0, 0, 1]
36: [1, 1, 0]
37: [0, 1, 1]
39: [0, 0, 1]
40: [1, 1, 1]
41: [1, 1, 1]
42: [1, 0, 1]
43: [0, 1, 0]
44: [0, 1, 1]
45: [1, 1, 0]
46: [1, 1, 0]
47: [1, 0, 1]
48: [1, 0, 0]
49: [1, 1, 0]
51: [0, 1, 1]
52: [1, 1, 0]
53: [1, 0, 0]
54: [0, 1, 0]
55: [0, 1, 1]
56: [0, 1, 1]
57: [0, 1, 0]
58: [1, 0, 0]
59: [0, 1, 1]
60: [0, 1, 1]
61: [1, 1, 0]
63: [1, 1, 1]
64: [0, 1, 1]
66: [1, 1, 1]
67: [0, 0, 1]
68: [0, 1, 0]
72: [1, 0, 1]
73: [1, 0, 0]
74: [0, 1, 0]
76: [0, 1, 0]
77: [1, 0, 0]
78: [0, 1, 0]
79: [1, 1, 1]
80: [0, 1, 1]
81: [0, 1, 0]
82: [0, 1, 1]
83: [1, 0, 1]
84: [1, 0, 1]
85: [1, 1, 1]
86: [0, 1, 1]
87: [0, 0, 1]
88: [0, 1, 0]
89: [0, 0, 1]
90: [0, 0, 1]
Clausulas no satisfechas: 
10: [0, 0, 0]
38: [0, 0, 0]
50: [0, 0, 0]
62: [0, 0, 0]
65: [0, 0, 0]
69: [0, 0, 0]
70: [0, 0, 0]
71: [0, 0, 0]
75: [0, 0, 0]
Clausula random a cambiar :  75. Elemento a cambiar: 2
Bit Stream a Cambiar: 20 	
Bit Stream antes de cambio: [0, 1, 1, 0, 1, 1, 0, 1, 0, 1, 0, 0, 0, 0, 0, 0, 1, 1, 1, 1]	
Bit Stream Modificado:      [0, 1, 1, 0, 1, 1, 0, 1, 0, 1, 0, 0, 0, 0, 0, 0, 1, 1, 1, 0]
Intento numero: [ 59 ]
------------------
Clausulas satisfechas: 
0: [1, 0, 0]
1: [1, 0, 0]
2: [1, 0, 0]
3: [1, 1, 0]
4: [1, 1, 0]
5: [1, 0, 0]
6: [0, 0, 1]
7: [0, 1, 1]
8: [1, 1, 1]
9: [0, 0, 1]
10: [1, 0, 0]
11: [1, 1, 0]
12: [1, 0, 0]
13: [1, 0, 0]
14: [0, 1, 1]
15: [1, 0, 0]
16: [0, 0, 1]
17: [1, 1, 1]
18: [0, 1, 1]
19: [0, 1, 0]
20: [0, 1, 0]
21: [0, 1, 1]
22: [0, 1, 1]
23: [0, 1, 0]
24: [0, 1, 0]
25: [1, 1, 1]
26: [0, 1, 0]
27: [1, 0, 1]
28: [0, 1, 0]
29: [0, 1, 0]
30: [1, 1, 0]
31: [1, 1, 1]
32: [1, 0, 1]
33: [0, 0, 1]
34: [0, 1, 0]
35: [0, 0, 1]
36: [1, 1, 0]
37: [1, 1, 1]
39: [0, 0, 1]
40: [1, 1, 1]
41: [1, 1, 1]
42: [1, 0, 1]
43: [0, 1, 0]
44: [0, 1, 1]
45: [1, 1, 0]
46: [1, 1, 0]
47: [1, 0, 1]
48: [1, 0, 1]
49: [1, 1, 0]
51: [0, 1, 1]
52: [1, 1, 0]
53: [1, 0, 0]
54: [0, 1, 0]
55: [0, 1, 1]
56: [0, 1, 1]
57: [0, 1, 0]
58: [1, 0, 0]
59: [0, 1, 1]
60: [0, 1, 1]
61: [1, 1, 0]
63: [1, 1, 1]
64: [0, 1, 1]
66: [0, 1, 1]
67: [0, 0, 1]
68: [0, 1, 0]
72: [1, 0, 1]
73: [1, 0, 0]
74: [0, 1, 0]
75: [0, 1, 0]
76: [0, 1, 0]
77: [1, 0, 0]
78: [0, 1, 0]
79: [1, 1, 1]
80: [0, 1, 1]
81: [0, 1, 0]
82: [0, 1, 1]
83: [0, 0, 1]
84: [1, 0, 1]
85: [1, 1, 1]
86: [0, 1, 1]
87: [0, 0, 1]
88: [0, 1, 0]
89: [0, 0, 1]
90: [0, 0, 1]
Clausulas no satisfechas: 
38: [0, 0, 0]
50: [0, 0, 0]
62: [0, 0, 0]
65: [0, 0, 0]
69: [0, 0, 0]
70: [0, 0, 0]
71: [0, 0, 0]
Clausula random a cambiar :  69. Elemento a cambiar: 2
Bit Stream a Cambiar: 17 	
Bit Stream antes de cambio: [0, 1, 1, 0, 1, 1, 0, 1, 0, 1, 0, 0, 0, 0, 0, 0, 1, 1, 1, 0]	
Bit Stream Modificado:      [0, 1, 1, 0, 1, 1, 0, 1, 0, 1, 0, 0, 0, 0, 0, 0, 0, 1, 1, 0]
Intento numero: [ 60 ]
------------------
Clausulas satisfechas: 
0: [1, 0, 0]
1: [1, 1, 0]
2: [1, 1, 0]
3: [1, 1, 0]
4: [1, 1, 0]
5: [1, 0, 0]
6: [0, 0, 1]
7: [0, 1, 1]
8: [1, 1, 0]
9: [0, 0, 1]
10: [1, 0, 1]
11: [1, 1, 1]
12: [1, 0, 0]
13: [1, 0, 0]
14: [0, 1, 1]
15: [1, 0, 0]
16: [0, 0, 1]
17: [1, 1, 1]
18: [0, 1, 1]
19: [0, 1, 0]
20: [0, 1, 0]
21: [0, 1, 1]
22: [0, 1, 1]
23: [0, 1, 1]
24: [0, 1, 0]
25: [1, 1, 1]
26: [0, 1, 0]
27: [1, 0, 1]
28: [0, 1, 0]
29: [0, 1, 0]
30: [1, 1, 0]
31: [1, 1, 1]
32: [1, 0, 1]
34: [0, 1, 0]
35: [0, 0, 1]
36: [1, 1, 0]
37: [1, 1, 1]
39: [0, 0, 1]
40: [1, 1, 1]
41: [1, 1, 1]
42: [1, 0, 1]
43: [0, 1, 0]
44: [0, 1, 1]
45: [1, 1, 0]
46: [1, 1, 0]
47: [1, 0, 1]
48: [1, 0, 1]
49: [1, 1, 0]
51: [0, 1, 1]
52: [1, 1, 0]
53: [1, 0, 0]
54: [0, 1, 0]
55: [0, 1, 1]
56: [0, 1, 1]
57: [0, 1, 0]
58: [1, 0, 1]
59: [0, 1, 1]
60: [0, 1, 1]
61: [1, 1, 0]
63: [1, 1, 1]
64: [0, 1, 1]
65: [0, 0, 1]
66: [0, 1, 1]
67: [0, 0, 1]
68: [0, 1, 0]
69: [0, 1, 0]
72: [1, 0, 1]
74: [0, 1, 0]
75: [0, 1, 0]
76: [0, 1, 0]
77: [1, 0, 1]
78: [0, 1, 0]
79: [1, 1, 1]
80: [0, 1, 0]
81: [0, 1, 0]
82: [0, 1, 1]
83: [0, 0, 1]
84: [1, 1, 1]
85: [1, 1, 1]
86: [0, 1, 1]
87: [0, 0, 1]
88: [0, 1, 0]
89: [0, 0, 1]
90: [1, 0, 1]
Clausulas no satisfechas: 
33: [0, 0, 0]
38: [0, 0, 0]
50: [0, 0, 0]
62: [0, 0, 0]
70: [0, 0, 0]
71: [0, 0, 0]
73: [0, 0, 0]
Clausula random a cambiar :  62. Elemento a cambiar: 2
Bit Stream a Cambiar: 7 	
Bit Stream antes de cambio: [0, 1, 1, 0, 1, 1, 0, 1, 0, 1, 0, 0, 0, 0, 0, 0, 0, 1, 1, 0]	
Bit Stream Modificado:      [0, 1, 1, 0, 1, 1, 1, 1, 0, 1, 0, 0, 0, 0, 0, 0, 0, 1, 1, 0]
